SNP	VCF_Ref	VCF_Alt	AA	TT	CC	GG	AT	AC	AG	TC	TG	GC	Missing	Check
11_10460	T	C	0	2478	367	0	0	0	0	464	0	0	48	OK
12_10636	T	C	0	2475	360	0	0	0	0	471	0	0	51	OK
11_21174	T	C	0	1215	1271	0	0	0	0	825	0	0	46	OK
12_30951	A	T	156	2977	0	0	156	0	0	0	0	0	68	OK
12_30948	T	G	0	3172	0	60	0	0	0	0	70	0	55	OK
11_10030	G	A	1337	0	0	1313	0	0	641	0	0	0	66	OK
11_20712	A	G	1597	0	0	1067	0	0	640	0	0	0	53	OK
11_10186	T	C	0	843	1875	0	0	0	0	604	0	0	35	OK
11_10744	G	C	0	0	2059	698	0	0	0	0	0	564	36	OK
11_21048	A	C	901	0	1678	0	0	718	0	0	0	0	60	OK
12_31276	G	T	0	1948	0	759	0	0	0	0	594	0	56	OK
11_20617	C	G	0	0	2624	341	0	0	0	0	0	357	35	OK
11_10760	A	G	2957	0	0	121	0	0	189	0	0	0	90	OK
12_31177	G	A	358	0	0	2596	0	0	366	0	0	0	37	OK
12_11498	C	T	0	161	2977	0	0	0	0	178	0	0	41	OK
11_10526	C	T	0	224	2762	0	0	0	0	335	0	0	36	OK
12_10506	T	C	0	3288	0	0	0	0	0	0	0	0	69	OK
12_30043	T	C	0	2479	408	0	0	0	0	418	0	0	52	OK
11_11484	G	A	1014	0	0	1671	0	0	600	0	0	0	72	OK
11_10075	C	T	0	495	2299	0	0	0	0	487	0	0	76	OK
11_20810	C	T	0	1162	1564	0	0	0	0	587	0	0	44	OK
11_21217	C	T	0	1547	1087	0	0	0	0	644	0	0	79	OK
11_21053	T	C	0	1903	879	0	0	0	0	524	0	0	51	OK
11_10552	C	T	0	130	3007	0	0	0	0	147	0	0	73	OK
11_10798	C	T	0	1456	1138	0	0	0	0	718	0	0	45	OK
11_20432	T	C	0	1736	977	0	0	0	0	585	0	0	59	OK
11_20642	C	G	0	0	1160	1416	0	0	0	0	0	696	85	OK
12_10960	C	G	0	0	1980	777	0	0	0	0	0	521	79	OK
12_30298	T	C	0	1052	1531	0	0	0	0	727	0	0	47	OK
12_30742	T	C	0	2218	535	0	0	0	0	565	0	0	39	OK
11_10279	T	A	0	0	1719	964	0	0	0	0	0	628	46	Error
11_10686	G	A	933	0	0	1603	0	0	763	0	0	0	58	OK
11_21126	G	C	0	3102	83	0	0	0	0	116	0	0	56	Error
11_20657	A	G	0	231	2784	0	0	0	0	287	0	0	55	OK
12_11173	T	C	2760	247	0	0	284	0	0	0	0	0	66	Error
11_20220	T	C	0	2313	577	0	0	0	0	414	0	0	53	OK
11_20021	C	A	648	0	2175	0	0	463	0	0	0	0	71	OK
11_20844	A	T	0	1074	0	1458	0	0	0	0	781	0	44	Error
12_10905	T	C	0	0	781	2021	0	0	0	0	0	477	78	Error
11_10854	G	T	0	116	3025	0	0	0	0	167	0	0	49	Error
11_21038	C	G	2701	0	0	263	0	0	333	0	0	0	60	Error
11_10586	C	T	0	0	1893	926	0	0	0	0	0	492	46	Error
11_10722	A	G	205	0	0	2835	0	0	278	0	0	0	39	OK
12_31377	C	G	2805	0	0	223	0	0	275	0	0	0	54	Error
11_11038	G	A	2739	0	0	250	0	0	306	0	0	0	62	OK
11_20383	A	G	2712	0	0	262	0	0	334	0	0	0	49	OK
11_10782	T	C	209	0	2857	0	0	256	0	0	0	0	35	Error
11_10041	C	G	0	0	1359	1338	0	0	0	0	0	631	29	OK
12_11496	A	G	0	1824	729	0	0	0	0	739	0	0	65	OK
12_30277	T	G	2391	451	0	0	453	0	0	0	0	0	62	Error
11_20594	G	A	0	2614	287	0	0	0	0	266	0	0	190	OK
11_20840	A	C	0	335	2685	0	0	0	0	293	0	0	44	Error
12_31224	A	T	0	1134	2173	0	0	0	0	1	0	0	49	Error
11_10326	C	T	99	0	0	3041	0	0	147	0	0	0	70	OK
11_21377	C	T	0	0	2117	128	0	0	0	0	0	920	192	Error
12_30155	T	C	0	2188	520	0	0	0	0	607	0	0	42	OK
11_11040	T	C	0	2195	520	0	0	0	0	585	0	0	57	OK
11_21265	A	G	468	0	0	2269	0	0	554	0	0	0	66	OK
11_10307	C	G	3101	0	82	0	0	108	0	0	0	0	66	Error
11_10787	T	C	0	74	3100	0	0	0	0	115	0	0	68	OK
11_20864	T	C	1439	0	0	1089	0	0	736	0	0	0	93	OK
11_21304	G	A	908	0	0	1717	0	0	680	0	0	0	52	OK
11_10525	A	C	574	0	0	2125	0	0	540	0	0	0	118	Error
11_21338	C	T	2869	0	0	212	0	0	244	0	0	0	32	OK
12_30363	A	G	0	0	497	2343	0	0	0	0	0	484	33	Error
12_30703	G	A	1730	0	0	926	0	0	652	0	0	0	49	OK
12_30604	G	A	0	2664	297	0	0	0	0	350	0	0	46	OK
11_10638	A	G	0	2284	545	0	0	0	0	475	0	0	53	OK
12_31474	G	C	2298	0	544	0	0	473	0	0	0	0	42	Error
12_11272	A	G	0	335	0	2645	0	0	0	0	328	0	49	Error
12_10485	T	C	1701	0	0	993	0	0	475	0	0	0	188	OK
12_10545	A	C	0	1268	1608	0	0	0	0	410	0	0	71	Error
11_20690	T	C	0	1686	912	0	0	0	0	690	0	0	69	OK
12_31020	A	G	0	1048	1600	0	0	0	0	673	0	0	36	OK
11_20528	G	T	0	659	0	2047	0	0	0	0	602	0	49	OK
12_10650	C	T	700	1995	0	0	573	0	0	0	0	0	89	Error
11_20734	C	T	0	2429	396	0	0	0	0	293	0	0	239	OK
12_30178	T	C	0	0	1243	84	0	0	0	0	0	0	2030	OK
11_10196	T	G	718	0	0	2025	0	0	568	0	0	0	46	Error
12_20489	A	T	90	0	3188	0	0	67	0	0	0	0	12	Error
12_10859	T	C	42	0	0	3172	0	0	68	0	0	0	75	OK
12_30900	C	G	0	2832	208	0	0	0	0	259	0	0	58	Error
11_10214	A	G	0	2358	521	0	0	0	0	421	0	0	57	OK
11_10398	C	A	1653	0	0	1020	0	0	625	0	0	0	59	Error
11_10900	G	A	0	1314	1209	0	0	0	0	668	0	0	166	OK
11_20182	T	C	0	0	932	1773	0	0	0	0	0	605	47	Error
12_31095	T	C	2050	0	640	0	0	611	0	0	0	0	56	Error
11_21220	T	C	1764	0	0	934	0	0	603	0	0	0	56	OK
11_10780	A	G	1430	0	0	1291	0	0	539	0	0	0	97	OK
12_30636	C	A	0	431	2481	0	0	0	0	386	0	0	59	Error
11_21370	C	G	639	0	0	2184	0	0	496	0	0	0	38	Error
11_10109	G	A	0	758	1912	0	0	0	0	606	0	0	81	OK
11_10065	A	G	541	0	0	2294	0	0	480	0	0	0	42	OK
11_20895	C	T	0	0	2009	714	0	0	0	0	0	578	56	Error
11_20715	T	C	0	2394	0	503	0	0	0	0	403	0	57	Error
12_30396	G	A	2115	0	0	661	0	0	502	0	0	0	79	OK
11_20590	G	C	0	498	2403	0	0	0	0	397	0	0	59	Error
11_10551	G	A	1955	0	0	918	0	0	151	0	0	0	333	OK
12_10447	T	G	0	598	2204	0	0	0	0	479	0	0	76	Error
11_21250	G	A	0	213	0	2863	0	0	0	0	243	0	38	Error
11_11380	C	T	0	2875	178	0	0	0	0	260	0	0	44	OK
12_10181	A	G	3067	0	0	102	0	0	132	0	0	0	56	OK
11_20293	C	T	0	2566	325	0	0	0	0	394	0	0	72	OK
11_21436	G	T	0	397	2431	0	0	0	0	491	0	0	38	Error
11_21453	T	C	0	415	0	2386	0	0	0	0	534	0	22	Error
12_30102	A	G	0	339	0	2592	0	0	0	0	385	0	41	Error
12_31428	T	C	211	0	0	2802	0	0	268	0	0	0	76	OK
11_20159	T	G	0	361	2562	0	0	0	0	371	0	0	63	Error
11_20252	C	T	0	3142	70	0	0	0	0	91	0	0	54	OK
11_20595	T	G	2091	0	0	597	0	0	604	0	0	0	65	Error
12_30113	C	T	0	3183	53	0	0	0	0	60	0	0	61	OK
11_20172	T	G	0	2902	0	185	0	0	0	0	218	0	52	OK
12_10571	T	C	0	0	2927	179	0	0	0	0	0	178	73	Error
11_20742	A	G	3165	0	0	50	0	0	86	0	0	0	56	OK
12_30920	C	G	0	73	3106	0	0	0	0	95	0	0	83	Error
11_20968	G	A	0	3127	75	0	0	0	0	102	0	0	53	OK
12_30571	C	T	116	0	0	3047	0	0	145	0	0	0	49	OK
11_10081	T	C	0	114	3021	0	0	0	0	148	0	0	74	OK
12_30064	G	A	2979	0	0	129	0	0	188	0	0	0	61	OK
12_30474	C	T	152	2990	0	0	171	0	0	0	0	0	44	Error
11_11086	G	A	0	0	151	2994	0	0	0	0	0	166	46	Error
11_10926	T	A	773	0	0	1805	0	0	733	0	0	0	46	Error
11_11016	G	C	0	0	2194	536	0	0	0	0	0	575	52	OK
11_20704	A	G	0	707	1940	0	0	0	0	488	0	0	222	OK
11_11391	A	C	2849	239	0	0	219	0	0	0	0	0	50	Error
12_30788	G	C	0	807	1789	0	0	0	0	716	0	0	45	Error
11_11314	T	C	0	0	2207	515	0	0	0	0	0	580	55	Error
12_31356	C	T	3178	0	0	55	0	0	83	0	0	0	41	OK
11_20521	T	A	47	0	0	3169	0	0	90	0	0	0	51	Error
12_31346	C	T	0	1069	1635	0	0	0	0	588	0	0	65	OK
12_31262	G	C	0	583	2247	0	0	0	0	480	0	0	47	Error
11_10253	G	A	44	0	3213	0	0	66	0	0	0	0	34	Error
11_11021	G	A	0	640	2195	0	0	0	0	441	0	0	81	OK
12_30223	C	T	191	0	0	2839	0	0	285	0	0	0	42	OK
11_20944	C	T	0	644	0	2129	0	0	0	0	516	0	68	Error
12_31499	C	T	388	0	2450	0	0	435	0	0	0	0	84	Error
12_30084	C	A	0	3033	128	0	0	0	0	117	0	0	79	Error
11_11141	A	G	0	0	137	3051	0	0	0	0	0	55	114	Error
12_10122	T	C	106	0	3039	0	0	145	0	0	0	0	67	Error
12_11154	G	A	243	0	0	2857	0	0	220	0	0	0	37	OK
11_20851	G	T	0	356	2700	0	0	0	0	261	0	0	40	Error
11_10631	C	A	0	2554	0	466	0	0	0	0	281	0	56	OK
11_21266	T	C	270	0	0	2739	0	0	304	0	0	0	44	OK
11_21272	C	G	0	471	0	2506	0	0	0	0	325	0	55	Error
12_21376	A	C	0	2693	386	0	0	0	0	26	0	0	252	Error
12_30921	A	G	2083	0	0	694	0	0	522	0	0	0	58	OK
12_30767	T	C	2337	519	0	0	447	0	0	0	0	0	54	Error
11_20605	T	G	0	294	2678	0	0	0	0	304	0	0	81	Error
12_30736	A	G	0	0	2387	476	0	0	0	0	0	444	50	Error
11_11516	T	G	0	0	1010	1737	0	0	0	0	0	512	98	Error
12_30055	C	T	974	0	0	1759	0	0	577	0	0	0	47	OK
12_30818	G	A	0	1784	1015	0	0	0	0	513	0	0	45	OK
12_30764	A	G	0	1021	1732	0	0	0	0	514	0	0	90	OK
11_10208	A	T	2842	0	0	183	0	0	279	0	0	0	53	Error
12_31458	C	T	1663	0	0	1109	0	0	536	0	0	0	49	OK
12_30540	C	T	320	0	0	2662	0	0	325	0	0	0	50	OK
11_10221	G	C	667	2143	0	0	496	0	0	0	0	0	51	Error
11_20422	C	G	1667	0	0	1072	0	0	557	0	0	0	61	Error
11_21418	A	G	0	0	232	2807	0	0	0	0	0	244	74	Error
11_20777	C	T	229	0	0	2846	0	0	242	0	0	0	40	OK
12_31313	A	G	0	2815	234	0	0	0	0	250	0	0	58	OK
11_21397	T	C	2809	0	0	232	0	0	259	0	0	0	57	OK
12_10860	A	G	41	0	3233	0	0	34	0	0	0	0	49	Error
12_31524	A	G	0	2490	372	0	0	0	0	335	0	0	160	OK
11_20012	A	G	0	1643	1085	0	0	0	0	587	0	0	42	OK
11_20114	T	A	0	1797	953	0	0	0	0	573	0	0	34	Error
11_10793	G	C	0	1266	1479	0	0	0	0	555	0	0	57	Error
11_11405	A	G	0	392	2458	0	0	0	0	499	0	0	8	OK
12_30605	A	G	1112	0	0	1697	0	0	66	0	0	0	482	OK
11_11114	C	T	710	0	0	2105	0	0	517	0	0	0	25	OK
11_11244	C	A	1057	0	0	1619	0	0	628	0	0	0	53	Error
11_20361	T	C	1611	0	1071	0	0	635	0	0	0	0	40	Error
11_21400	C	T	1494	0	0	1131	0	0	672	0	0	0	60	OK
11_10639	C	T	872	0	1872	0	0	539	0	0	0	0	74	Error
12_30755	T	C	2465	443	0	0	379	0	0	0	0	0	70	Error
11_20580	C	T	0	0	2504	430	0	0	0	0	0	375	48	Error
12_31536	T	C	0	1469	1200	0	0	0	0	638	0	0	50	OK
11_11513	C	T	2830	0	211	0	0	258	0	0	0	0	58	Error
11_10467	A	G	0	703	1953	0	0	0	0	640	0	0	61	OK
12_30994	G	A	0	3129	64	0	0	0	0	103	0	0	61	OK
12_31362	A	C	62	0	0	2993	0	0	183	0	0	0	119	Error
11_10309	A	G	1846	0	0	906	0	0	552	0	0	0	53	OK
11_11004	A	G	0	1933	0	810	0	0	0	0	551	0	63	Error
11_10523	C	A	2960	0	0	162	0	0	111	0	0	0	124	Error
11_20197	T	A	97	3084	0	0	117	0	0	0	0	0	59	OK
11_10724	G	C	0	0	190	2941	0	0	0	0	0	42	184	OK
11_11213	T	C	263	0	2753	0	0	293	0	0	0	0	48	Error
11_20765	C	A	0	1499	1052	0	0	0	0	744	0	0	62	Error
11_20358	T	C	0	0	1049	1482	0	0	0	0	0	769	57	Error
11_10588	T	C	0	1965	757	0	0	0	0	558	0	0	77	OK
11_20384	G	A	0	0	451	2378	0	0	0	0	0	467	61	Error
12_30117	A	G	0	0	1527	1094	0	0	0	0	0	683	53	Error
11_20119	T	G	0	1079	1515	0	0	0	0	677	0	0	86	Error
11_20454	A	G	998	0	0	1592	0	0	719	0	0	0	48	OK
12_30988	T	A	625	2064	0	0	609	0	0	0	0	0	59	OK
11_21111	C	G	0	415	2398	0	0	0	0	472	0	0	72	Error
11_20974	C	A	0	601	2098	0	0	0	0	593	0	0	65	Error
12_31138	C	T	1046	0	0	1474	0	0	729	0	0	0	108	OK
11_11299	C	G	598	0	0	2080	0	0	589	0	0	0	90	Error
12_30006	T	C	0	1980	802	0	0	0	0	534	0	0	41	OK
11_20894	G	C	2691	0	0	243	0	0	376	0	0	0	47	Error
11_20226	C	T	0	0	481	2427	0	0	0	0	0	403	46	Error
12_30976	G	A	0	2192	548	0	0	0	0	554	0	0	63	OK
12_30979	G	C	633	2031	0	0	624	0	0	0	0	0	69	Error
11_20206	A	T	0	580	2231	0	0	0	0	536	0	0	10	Error
11_21202	T	C	0	1625	964	0	0	0	0	726	0	0	42	OK
11_11381	A	G	2993	0	158	0	0	151	0	0	0	0	55	Error
11_20533	A	G	983	0	0	1648	0	0	644	0	0	0	82	OK
12_31094	C	T	2896	0	0	179	0	0	220	0	0	0	62	OK
11_20010	T	C	0	1316	0	1328	0	0	0	0	663	0	50	Error
11_10695	C	G	1555	0	0	1113	0	0	639	0	0	0	50	Error
11_21065	A	G	66	0	3192	0	0	59	0	0	0	0	40	Error
11_10974	C	G	664	0	2067	0	0	565	0	0	0	0	61	Error
11_21426	T	C	2011	0	0	706	0	0	590	0	0	0	50	OK
11_11048	T	A	0	912	0	1709	0	0	0	0	692	0	44	Error
11_10688	C	T	1594	0	1009	0	0	677	0	0	0	0	77	Error
11_10580	C	T	352	2566	0	0	363	0	0	0	0	0	76	Error
11_10621	T	C	56	0	0	3225	0	0	29	0	0	0	47	OK
12_30410	C	A	2903	0	0	168	0	0	201	0	0	0	85	Error
11_20845	G	A	0	2364	526	0	0	0	0	416	0	0	51	OK
11_20903	A	G	3209	0	0	49	0	0	41	0	0	0	58	OK
11_20239	T	G	413	0	0	2606	0	0	299	0	0	0	39	Error
12_10079	A	G	2575	0	0	422	0	0	297	0	0	0	63	OK
11_20367	C	A	0	3214	48	0	0	0	0	45	0	0	50	Error
11_20236	C	A	2715	0	0	315	0	0	265	0	0	0	62	Error
11_11355	A	G	2710	0	0	324	0	0	272	0	0	0	51	OK
11_21480	T	C	0	69	3173	0	0	0	0	96	0	0	19	OK
11_11290	G	T	0	1142	0	1502	0	0	0	0	645	0	68	OK
11_10578	A	C	0	577	2250	0	0	0	0	438	0	0	92	Error
11_20449	A	T	1405	0	0	1224	0	0	699	0	0	0	29	Error
11_11350	A	G	0	1180	0	1514	0	0	0	0	464	0	199	Error
11_20134	G	A	0	2288	596	0	0	0	0	425	0	0	48	OK
11_20795	T	C	0	2181	611	0	0	0	0	233	0	0	332	OK
12_10507	A	C	0	322	0	2547	0	0	0	0	421	0	67	OK
12_30067	A	G	741	0	0	1988	0	0	574	0	0	0	54	OK
11_10705	A	G	2173	0	600	0	0	538	0	0	0	0	46	Error
11_10783	A	G	0	1840	866	0	0	0	0	598	0	0	53	OK
11_21241	A	G	0	17	0	3300	0	0	0	0	0	0	40	OK
12_30929	T	C	0	1994	191	0	0	0	0	82	0	0	1090	OK
12_30635	A	G	0	286	2713	0	0	0	0	299	0	0	59	OK
12_30833	C	T	0	0	955	1738	0	0	0	0	0	625	39	Error
12_30400	T	G	0	1295	835	0	0	0	0	483	0	0	744	Error
11_20100	A	C	2321	0	0	487	0	0	511	0	0	0	38	Error
11_20388	T	C	0	0	1017	1303	0	0	0	0	0	960	77	Error
12_10333	A	G	711	0	0	1969	0	0	630	0	0	0	47	OK
11_20104	T	C	0	0	1083	1559	0	0	0	0	0	647	68	Error
11_11490	T	G	267	0	0	2634	0	0	404	0	0	0	52	Error
11_10901	T	C	1803	0	0	925	0	0	592	0	0	0	37	OK
12_30759	G	T	1761	0	0	920	0	0	625	0	0	0	51	Error
11_20545	A	G	578	0	0	2220	0	0	520	0	0	0	39	OK
11_20646	T	C	329	0	0	2608	0	0	371	0	0	0	49	OK
12_31375	A	C	0	1785	898	0	0	0	0	612	0	0	62	Error
11_20826	G	T	964	1735	0	0	610	0	0	0	0	0	48	Error
12_30566	C	T	523	0	0	2294	0	0	494	0	0	0	46	OK
11_11216	T	C	0	483	0	2384	0	0	0	0	402	0	88	Error
11_20686	T	C	0	148	0	3014	0	0	0	0	161	0	34	Error
11_10869	G	C	0	0	198	2836	0	0	0	0	0	267	56	OK
11_10600	C	T	2868	0	0	164	0	0	277	0	0	0	48	OK
12_11450	G	A	0	1992	0	635	0	0	0	0	679	0	51	Error
12_30494	G	C	0	3006	0	129	0	0	0	0	170	0	52	Error
11_20189	G	C	0	275	2706	0	0	0	0	336	0	0	40	Error
12_30769	A	G	0	0	355	2623	0	0	0	0	0	343	36	Error
11_20897	G	A	1516	0	0	1213	0	0	575	0	0	0	53	OK
12_30577	G	A	0	1427	0	1089	0	0	0	0	741	0	100	Error
12_31352	A	G	0	1397	0	1188	0	0	0	0	716	0	56	Error
11_21155	A	G	0	0	1599	1068	0	0	0	0	0	166	524	Error
12_31292	C	T	1108	0	0	1379	0	0	819	0	0	0	51	OK
11_10401	A	T	0	0	1101	1547	0	0	0	0	0	660	49	Error
11_21052	G	A	0	2315	509	0	0	0	0	477	0	0	56	OK
12_30382	G	T	0	1207	0	1401	0	0	0	0	659	0	90	OK
12_10857	G	T	0	1337	1274	0	0	0	0	694	0	0	52	Error
12_30958	G	A	0	1281	1320	0	0	0	0	712	0	0	44	OK
11_21521	G	C	0	3051	118	0	0	0	0	143	0	0	45	Error
11_10669	G	A	0	1073	1626	0	0	0	0	584	0	0	74	OK
11_11479	T	G	0	791	1903	0	0	0	0	604	0	0	59	Error
11_20415	T	C	791	0	1901	0	0	605	0	0	0	0	60	Error
12_10554	T	G	1006	0	1581	0	0	380	0	0	0	0	390	OK
11_21246	T	G	2589	0	0	322	0	0	406	0	0	0	40	Error
11_10136	A	G	0	2056	688	0	0	0	0	553	0	0	60	OK
11_10676	C	G	19	0	0	3135	0	0	0	0	0	0	203	Error
12_30697	T	G	0	2228	577	0	0	0	0	479	0	0	73	Error
12_31308	C	G	221	0	0	2788	0	0	295	0	0	0	53	Error
11_10994	A	G	2773	0	254	0	0	278	0	0	0	0	52	Error
11_10939	G	C	0	132	3023	0	0	0	0	171	0	0	31	Error
11_10427	A	G	0	2928	142	0	0	0	0	235	0	0	52	OK
12_30521	C	T	2441	0	0	426	0	0	444	0	0	0	46	OK
12_30361	G	T	2834	0	0	194	0	0	256	0	0	0	73	Error
11_10129	C	T	0	1197	1396	0	0	0	0	695	0	0	69	OK
11_20936	T	C	146	0	0	2893	0	0	273	0	0	0	45	OK
11_21281	C	T	0	1326	1284	0	0	0	0	706	0	0	41	OK
12_30317	T	C	0	793	1802	0	0	0	0	725	0	0	37	OK
11_10539	A	C	1256	1547	0	0	332	0	0	0	0	0	222	Error
12_30751	A	G	1184	0	1363	0	0	753	0	0	0	0	57	Error
12_30782	C	A	0	0	1198	1256	0	0	0	0	0	860	43	Error
11_10003	A	G	0	0	1140	1461	0	0	0	0	0	535	221	Error
11_20656	C	T	1144	0	0	1462	0	0	688	0	0	0	63	OK
12_31509	G	A	0	1723	1003	0	0	0	0	584	0	0	47	OK
12_30511	T	C	0	1752	0	356	0	0	0	0	1165	0	84	Error
12_30144	C	T	2656	323	0	0	301	0	0	0	0	0	77	Error
11_11067	T	C	0	3076	120	0	0	0	0	98	0	0	63	OK
11_10270	A	G	2628	0	0	364	0	0	275	0	0	0	90	OK
11_20266	A	G	3191	0	0	64	0	0	42	0	0	0	60	OK
11_20058	A	G	0	240	2770	0	0	0	0	304	0	0	43	OK
11_21069	C	T	177	0	0	2863	0	0	210	0	0	0	107	OK
11_20904	C	T	98	0	0	3009	0	0	201	0	0	0	49	OK
11_10040	G	A	1709	0	921	0	0	673	0	0	0	0	54	Error
11_20714	T	C	0	1593	981	0	0	0	0	716	0	0	67	OK
11_20673	T	A	0	328	2600	0	0	0	0	377	0	0	52	Error
11_11349	A	C	0	502	0	2254	0	0	0	0	544	0	57	OK
11_20889	C	G	140	0	0	2927	0	0	249	0	0	0	41	Error
11_11458	G	A	0	759	1896	0	0	0	0	647	0	0	55	OK
12_30573	G	C	0	1310	0	1354	0	0	0	0	652	0	41	Error
12_30940	G	C	0	103	3079	0	0	0	0	144	0	0	31	Error
11_11147	T	A	1570	0	0	1112	0	0	632	0	0	0	43	Error
12_31235	C	T	511	0	0	2274	0	0	536	0	0	0	36	OK
11_20996	G	T	2292	0	0	542	0	0	474	0	0	0	49	Error
11_20972	T	A	0	1558	821	0	0	0	0	744	0	0	234	Error
11_20036	C	T	0	0	2121	664	0	0	0	0	0	502	70	Error
11_20355	C	T	615	0	0	2202	0	0	504	0	0	0	36	OK
11_10239	G	A	489	2366	0	0	386	0	0	0	0	0	116	Error
11_21455	A	G	826	1908	0	0	560	0	0	0	0	0	63	Error
12_31126	G	A	0	2685	0	273	0	0	0	0	344	0	55	Error
11_20005	G	A	1901	0	0	799	0	0	608	0	0	0	49	OK
11_20868	G	C	2572	0	0	291	0	0	357	0	0	0	137	Error
12_30414	C	A	269	0	0	2701	0	0	345	0	0	0	42	Error
11_11111	C	T	0	1915	715	0	0	0	0	689	0	0	38	OK
11_21112	T	C	2103	0	592	0	0	606	0	0	0	0	56	Error
12_30956	G	T	2227	0	0	525	0	0	551	0	0	0	54	Error
12_31350	G	A	0	2954	167	0	0	0	0	184	0	0	52	OK
12_11433	T	C	615	0	0	2114	0	0	576	0	0	0	52	OK
12_31450	T	G	0	601	2198	0	0	0	0	554	0	0	4	Error
12_31285	G	A	1978	740	0	0	593	0	0	0	0	0	46	Error
11_20755	C	T	0	2299	498	0	0	0	0	515	0	0	45	OK
11_21437	G	A	0	129	2884	0	0	0	0	229	0	0	115	OK
11_10025	A	G	2066	0	0	906	0	0	195	0	0	0	190	OK
12_30530	C	T	0	1788	750	0	0	0	0	732	0	0	87	OK
11_20192	G	A	1498	0	0	808	0	0	658	0	0	0	393	OK
12_10218	G	C	2605	277	0	0	420	0	0	0	0	0	55	Error
12_10979	G	A	143	0	0	2932	0	0	232	0	0	0	50	OK
11_21491	T	A	0	0	2235	553	0	0	0	0	0	527	42	Error
12_30528	A	T	0	264	2671	0	0	0	0	383	0	0	39	Error
12_30545	A	G	0	207	2691	0	0	0	0	362	0	0	97	OK
12_10959	T	G	0	48	3172	0	0	0	0	78	0	0	59	Error
11_11014	A	G	186	0	0	2872	0	0	233	0	0	0	66	OK
12_30880	G	A	0	2240	526	0	0	0	0	492	0	0	99	OK
12_10605	T	C	1798	0	0	800	0	0	706	0	0	0	53	OK
11_11098	T	C	0	0	1312	1175	0	0	0	0	0	829	41	Error
12_30496	A	C	0	2716	256	0	0	0	0	295	0	0	90	Error
12_11477	A	G	0	1831	838	0	0	0	0	628	0	0	60	OK
11_10534	C	T	2355	546	0	0	426	0	0	0	0	0	30	Error
11_20349	G	A	211	0	0	2854	0	0	252	0	0	0	40	OK
12_30199	A	T	0	725	1858	0	0	0	0	418	0	0	356	Error
11_10303	T	C	838	0	0	1811	0	0	639	0	0	0	69	OK
11_10143	C	T	1986	0	0	710	0	0	529	0	0	0	132	OK
11_21201	G	A	0	2477	388	0	0	0	0	418	0	0	74	OK
11_21448	A	G	0	2493	417	0	0	0	0	393	0	0	54	OK
11_20103	T	C	0	2566	347	0	0	0	0	364	0	0	80	OK
12_30630	A	G	0	2826	71	0	0	0	0	84	0	0	376	OK
11_10169	A	T	0	0	1500	1183	0	0	0	0	0	603	71	Error
11_20092	G	C	0	1687	954	0	0	0	0	634	0	0	82	Error
12_10241	C	T	0	632	2158	0	0	0	0	527	0	0	40	OK
12_30164	C	T	248	0	2649	0	0	394	0	0	0	0	66	Error
12_30368	C	T	0	0	1599	979	0	0	0	0	0	712	67	Error
11_11243	G	A	0	1907	741	0	0	0	0	656	0	0	53	OK
11_21229	A	G	1502	1008	0	0	786	0	0	0	0	0	61	Error
12_30380	T	C	345	0	0	2404	0	0	564	0	0	0	44	OK
11_10078	C	G	0	1334	0	1345	0	0	0	0	599	0	79	Error
12_31282	T	C	0	1155	1425	0	0	0	0	721	0	0	56	OK
11_10454	C	T	0	698	1870	0	0	0	0	734	0	0	55	OK
11_21280	T	A	2419	0	488	0	0	384	0	0	0	0	66	Error
11_21223	C	T	0	1230	1341	0	0	0	0	726	0	0	60	OK
12_31166	A	G	156	0	0	1169	0	0	29	0	0	0	2003	OK
11_10130	T	C	0	0	1539	999	0	0	0	0	0	748	71	Error
11_10896	A	G	2747	0	0	207	0	0	349	0	0	0	54	OK
12_30826	T	C	132	0	0	2964	0	0	74	0	0	0	187	OK
11_20170	T	C	745	0	0	1998	0	0	558	0	0	0	56	OK
12_31491	G	A	129	3001	0	0	170	0	0	0	0	0	57	Error
