SNP	VCF_Ref	VCF_Alt	AA	TT	CC	GG	AT	AC	AG	TC	TG	GC	Missing	Check
11_10460	T	C	0	1453	173	0	0	0	0	277	0	0	1	OK
12_10636	T	C	0	1432	195	0	0	0	0	275	0	0	2	OK
11_21174	T	C	0	1673	82	0	0	0	0	147	0	0	2	OK
12_30951	A	T	88	1674	0	0	129	0	0	0	0	0	13	OK
12_30948	T	G	0	1742	0	66	0	0	0	0	92	0	4	OK
11_10030	G	A	617	0	0	878	0	0	408	0	0	0	1	OK
11_20712	A	G	1027	0	0	440	0	0	435	0	0	0	2	OK
11_10186	T	C	0	356	1131	0	0	0	0	417	0	0	0	OK
11_10744	G	C	0	0	1312	281	0	0	0	0	0	309	2	OK
11_21048	A	C	401	0	1001	0	0	502	0	0	0	0	0	OK
12_31276	G	T	0	1229	0	315	0	0	0	0	358	0	2	OK
11_20617	C	G	0	0	1544	128	0	0	0	0	0	232	0	OK
11_10760	A	G	1683	0	0	64	0	0	153	0	0	0	4	OK
12_31177	G	A	124	0	0	1554	0	0	224	0	0	0	2	OK
12_11498	C	T	0	28	1809	0	0	0	0	66	0	0	1	OK
11_10526	C	T	0	103	1600	0	0	0	0	201	0	0	0	OK
12_10506	T	C	0	1903	1	0	0	0	0	0	0	0	0	OK
12_30043	T	C	0	1527	138	0	0	0	0	238	0	0	1	OK
11_11484	G	A	455	0	0	1065	0	0	384	0	0	0	0	OK
11_10075	C	T	0	173	1461	0	0	0	0	266	0	0	4	OK
11_20810	C	T	0	461	1115	0	0	0	0	327	0	0	1	OK
11_21217	C	T	0	620	866	0	0	0	0	415	0	0	3	OK
11_21053	T	C	0	1232	370	0	0	0	0	300	0	0	2	OK
11_10552	C	T	0	71	1693	0	0	0	0	139	0	0	1	OK
11_10798	C	T	0	575	828	0	0	0	0	501	0	0	0	OK
11_20432	T	C	0	1111	423	0	0	0	0	368	0	0	2	OK
11_20642	C	G	0	0	846	571	0	0	0	0	0	479	8	OK
12_10960	C	G	0	0	1050	477	0	0	0	0	0	373	4	OK
12_30298	T	C	0	507	974	0	0	0	0	421	0	0	2	OK
12_30742	T	C	0	1215	339	0	0	0	0	349	0	0	1	OK
11_10686	G	A	69	0	0	1734	0	0	12	0	0	0	89	OK
11_21126	G	C	0	0	884	647	0	0	0	0	0	373	0	OK
11_20657	A	G	470	0	0	958	0	0	471	0	0	0	5	OK
12_11173	T	C	0	1808	30	0	0	0	0	65	0	0	1	OK
11_20220	T	C	0	110	1654	0	0	0	0	139	0	0	1	OK
11_20844	A	T	1653	110	0	0	139	0	0	0	0	0	2	OK
11_20021	C	A	460	0	1082	0	0	358	0	0	0	0	4	OK
12_10905	T	C	0	1054	511	0	0	0	0	338	0	0	1	OK
11_10854	G	T	0	714	0	655	0	0	0	0	532	0	3	OK
11_21038	C	G	0	0	524	991	0	0	0	0	0	386	3	OK
11_10586	C	T	0	56	1755	0	0	0	0	91	0	0	2	OK
11_10722	A	G	1563	0	0	138	0	0	201	0	0	0	2	OK
12_31377	C	G	0	0	922	560	0	0	0	0	0	422	0	OK
11_11038	G	A	107	0	0	1607	0	0	190	0	0	0	0	OK
11_20383	A	G	1371	0	0	234	0	0	297	0	0	0	2	OK
12_11496	A	G	1366	0	0	236	0	0	301	0	0	0	1	OK
12_30277	T	G	0	486	0	1004	0	0	0	0	406	0	8	OK
11_10041	C	G	0	0	923	527	0	0	0	0	0	453	1	OK
11_20594	G	A	1506	0	0	138	0	0	258	0	0	0	2	OK
11_20840	A	C	70	0	1706	0	0	126	0	0	0	0	2	OK
11_10326	C	T	0	846	610	0	0	0	0	447	0	0	1	OK
12_31224	A	T	1215	300	0	0	388	0	0	0	0	0	1	OK
11_21377	C	T	0	182	1535	0	0	0	0	187	0	0	0	OK
12_30155	T	C	0	1379	224	0	0	0	0	71	0	0	230	OK
11_11040	T	C	0	148	1704	0	0	0	0	0	0	0	52	OK
11_21265	A	G	49	0	0	1771	0	0	81	0	0	0	3	OK
11_10307	C	G	0	0	1536	139	0	0	0	0	0	0	229	OK
11_10787	T	C	0	1399	216	0	0	0	0	288	0	0	1	OK
11_20864	T	C	0	1405	216	0	0	0	0	279	0	0	4	OK
11_21304	G	A	253	0	0	1310	0	0	339	0	0	0	2	OK
11_10525	A	C	1612	0	90	0	0	200	0	0	0	0	2	OK
11_21338	C	T	0	85	1630	0	0	0	0	186	0	0	3	OK
12_30363	A	G	737	0	0	580	0	0	582	0	0	0	5	OK
12_30703	G	A	476	0	0	948	0	0	480	0	0	0	0	OK
12_30604	G	A	446	0	0	944	0	0	496	0	0	0	18	OK
11_10638	A	G	1554	0	0	133	0	0	215	0	0	0	2	OK
12_31474	G	C	0	0	248	1287	0	0	0	0	0	368	1	OK
12_11272	A	G	771	0	0	591	0	0	541	0	0	0	1	OK
12_10485	T	C	0	1590	114	0	0	0	0	199	0	0	1	OK
11_20690	T	C	0	1310	291	0	0	0	0	303	0	0	0	OK
12_10545	A	C	1311	0	292	0	0	299	0	0	0	0	2	OK
12_31020	A	G	1154	0	0	430	0	0	226	0	0	0	94	OK
11_20528	G	T	0	221	0	1427	0	0	0	0	255	0	1	OK
12_10650	C	T	0	505	1024	0	0	0	0	371	0	0	4	OK
11_20734	C	T	0	1055	447	0	0	0	0	401	0	0	1	OK
12_30178	T	C	0	341	1146	0	0	0	0	416	0	0	1	OK
11_10196	T	G	0	245	0	1346	0	0	0	0	312	0	1	OK
12_20489	A	T	252	1339	0	0	306	0	0	0	0	0	7	OK
12_10859	T	C	0	1535	157	0	0	0	0	211	0	0	1	OK
12_30900	C	G	0	0	537	98	0	0	0	0	0	0	1269	OK
11_10214	A	G	234	0	0	1338	0	0	331	0	0	0	1	OK
11_10398	C	A	18	0	1838	0	0	46	0	0	0	0	2	OK
11_10900	G	A	18	0	0	1841	0	0	43	0	0	0	2	OK
11_20182	T	C	0	1640	105	0	0	0	0	159	0	0	0	OK
12_31095	T	C	0	1468	172	0	0	0	0	263	0	0	1	OK
11_10780	A	G	1000	0	0	456	0	0	445	0	0	0	3	OK
11_21220	T	C	0	633	748	0	0	0	0	522	0	0	1	OK
12_30636	C	A	1155	0	323	0	0	425	0	0	0	0	1	OK
11_21370	C	G	0	0	415	1123	0	0	0	0	0	365	1	OK
11_10109	G	A	1134	0	0	412	0	0	357	0	0	0	1	OK
11_10065	A	G	1028	0	0	531	0	0	345	0	0	0	0	OK
11_20895	C	T	0	193	1441	0	0	0	0	270	0	0	0	OK
12_30396	G	A	299	0	0	1292	0	0	313	0	0	0	0	OK
11_20715	T	C	0	412	988	0	0	0	0	502	0	0	2	OK
11_20590	G	C	0	0	1321	216	0	0	0	0	0	365	2	OK
11_10551	G	A	151	0	0	1502	0	0	250	0	0	0	1	OK
12_10447	T	G	0	1484	0	187	0	0	0	0	231	0	2	OK
11_21250	G	A	1350	0	0	232	0	0	319	0	0	0	3	OK
11_11380	C	T	0	187	1484	0	0	0	0	230	0	0	3	OK
12_10181	A	G	1326	0	0	414	0	0	61	0	0	0	103	OK
11_20293	C	T	0	232	1353	0	0	0	0	317	0	0	2	OK
11_21436	G	T	0	103	0	1636	0	0	0	0	164	0	1	OK
11_21453	T	C	0	1641	89	0	0	0	0	171	0	0	3	OK
12_30102	A	G	1705	0	0	63	0	0	133	0	0	0	3	OK
12_31428	T	C	0	1609	99	0	0	0	0	185	0	0	11	OK
11_20252	C	T	0	128	1497	0	0	0	0	277	0	0	2	OK
11_20159	T	G	0	151	0	1441	0	0	0	0	311	0	1	OK
12_30818	G	A	56	0	0	1727	0	0	118	0	0	0	3	OK
11_20595	T	G	0	97	0	1615	0	0	0	0	190	0	2	OK
12_10571	T	C	0	1856	15	0	0	0	0	32	0	0	1	OK
12_30113	C	T	0	1828	21	0	0	0	0	49	0	0	6	OK
11_20172	T	G	0	1751	0	44	0	0	0	0	108	0	1	OK
11_20742	A	G	1262	0	0	255	0	0	386	0	0	0	1	OK
12_30920	C	G	0	0	1777	32	0	0	0	0	0	91	4	OK
11_20968	G	A	1851	0	0	10	0	0	43	0	0	0	0	OK
12_30571	C	T	0	15	1864	0	0	0	0	23	0	0	2	OK
11_10081	T	C	0	1863	11	0	0	0	0	30	0	0	0	OK
12_30064	G	A	43	0	0	1752	0	0	107	0	0	0	2	OK
12_30474	C	T	0	43	1753	0	0	0	0	107	0	0	1	OK
11_11086	G	A	1714	0	0	55	0	0	134	0	0	0	1	OK
11_10926	T	A	47	1736	0	0	120	0	0	0	0	0	1	OK
11_11016	G	C	0	0	50	1736	0	0	0	0	0	115	3	OK
11_20704	A	G	282	0	0	1162	0	0	460	0	0	0	0	OK
12_30788	G	C	0	0	1285	226	0	0	0	0	0	388	5	OK
11_11314	T	C	0	275	1167	0	0	0	0	460	0	0	2	OK
12_31356	C	T	0	275	1199	0	0	0	0	400	0	0	30	OK
11_20521	T	A	1760	47	0	0	97	0	0	0	0	0	0	OK
12_31346	C	T	0	280	1171	0	0	0	0	451	0	0	2	OK
12_31262	G	C	0	0	1300	223	0	0	0	0	0	380	1	OK
11_11021	G	A	1778	0	0	42	0	0	82	0	0	0	2	OK
11_10253	G	A	43	0	0	1780	0	0	81	0	0	0	0	OK
12_30223	C	T	0	248	1352	0	0	0	0	302	0	0	2	OK
12_31499	C	T	0	475	1082	0	0	0	0	343	0	0	4	OK
12_30084	C	A	11	0	1860	0	0	31	0	0	0	0	2	OK
11_11141	A	G	82	0	0	1655	0	0	166	0	0	0	1	OK
12_10122	T	C	0	479	1076	0	0	0	0	346	0	0	3	OK
12_11154	G	A	75	0	0	1660	0	0	169	0	0	0	0	OK
11_20851	G	T	0	239	0	1389	0	0	0	0	274	0	2	OK
11_10631	C	A	124	0	1521	0	0	255	0	0	0	0	4	OK
11_21266	T	C	0	1788	51	0	0	0	0	60	0	0	5	OK
11_21272	C	G	0	0	54	1785	0	0	0	0	0	0	65	OK
12_21376	A	C	37	0	1792	0	0	74	0	0	0	0	1	OK
12_30921	A	G	87	0	0	1694	0	0	122	0	0	0	1	OK
12_30767	T	C	0	136	1608	0	0	0	0	160	0	0	0	OK
11_20605	T	G	0	1572	0	164	0	0	0	0	166	0	2	OK
12_30736	A	G	103	0	0	1624	0	0	176	0	0	0	1	OK
11_11516	T	G	0	163	0	1546	0	0	0	0	195	0	0	OK
12_30055	C	T	0	1490	216	0	0	0	0	0	0	0	198	OK
12_30764	A	G	1082	0	0	421	0	0	400	0	0	0	1	OK
11_10208	A	T	1245	311	0	0	347	0	0	0	0	0	1	OK
12_31458	C	T	0	169	1467	0	0	0	0	265	0	0	3	OK
12_30540	C	T	0	241	1367	0	0	0	0	295	0	0	1	OK
11_10221	G	C	0	0	1096	424	0	0	0	0	0	381	3	OK
11_20422	C	G	0	0	783	819	0	0	0	0	0	296	6	OK
11_21418	A	G	458	0	0	1087	0	0	358	0	0	0	1	OK
11_20777	C	T	0	824	780	0	0	0	0	299	0	0	1	OK
11_21397	T	C	0	696	828	0	0	0	0	375	0	0	5	OK
12_31313	A	G	1584	0	0	95	0	0	223	0	0	0	2	OK
12_10860	A	G	814	0	0	687	0	0	400	0	0	0	3	OK
12_31524	A	G	145	0	0	1547	0	0	210	0	0	0	2	OK
11_20012	A	G	795	0	0	699	0	0	408	0	0	0	2	OK
11_20114	T	A	217	1382	0	0	303	0	0	0	0	0	2	OK
11_10793	G	C	0	0	70	1734	0	0	0	0	0	99	1	OK
11_11405	A	G	71	0	0	1738	0	0	95	0	0	0	0	OK
11_11114	C	T	0	1732	74	0	0	0	0	98	0	0	0	OK
12_30605	A	G	1727	0	0	73	0	0	102	0	0	0	2	OK
11_11244	C	A	1	0	1903	0	0	0	0	0	0	0	0	OK
11_20361	T	C	0	1505	137	0	0	0	0	227	0	0	35	OK
11_10639	C	T	0	1011	449	0	0	0	0	444	0	0	0	OK
12_30755	T	C	0	1001	462	0	0	0	0	441	0	0	0	OK
12_31536	T	C	0	807	655	0	0	0	0	441	0	0	1	OK
11_20580	C	T	0	205	1463	0	0	0	0	229	0	0	7	OK
11_11513	C	T	0	656	749	0	0	0	0	498	0	0	1	OK
11_10467	A	G	582	0	0	1025	0	0	0	0	0	0	297	OK
12_30994	G	A	401	0	0	1115	0	0	387	0	0	0	1	OK
12_31362	A	C	831	0	637	0	0	436	0	0	0	0	0	OK
11_10309	A	G	657	0	0	809	0	0	437	0	0	0	1	OK
11_11004	A	G	897	0	0	530	0	0	477	0	0	0	0	OK
11_10523	C	A	453	0	1023	0	0	425	0	0	0	0	3	OK
11_20197	T	A	1427	219	0	0	251	0	0	0	0	0	7	OK
11_10724	G	C	0	0	1448	203	0	0	0	0	0	252	1	OK
11_11213	T	C	0	792	680	0	0	0	0	432	0	0	0	OK
11_20765	C	A	1604	0	103	0	0	196	0	0	0	0	1	OK
11_20358	T	C	0	405	994	0	0	0	0	503	0	0	2	OK
11_10588	T	C	0	1862	14	0	0	0	0	26	0	0	2	OK
11_20384	G	A	45	0	0	1754	0	0	95	0	0	0	10	OK
12_30117	A	G	1125	0	0	436	0	0	342	0	0	0	1	OK
11_20119	T	G	0	1116	0	417	0	0	0	0	370	0	1	OK
11_20454	A	G	1848	0	0	18	0	0	34	0	0	0	4	OK
12_30988	T	A	21	1848	0	0	35	0	0	0	0	0	0	OK
11_21111	C	G	0	0	44	1837	0	0	0	0	0	0	23	OK
11_20974	C	A	73	0	1716	0	0	114	0	0	0	0	1	OK
12_31138	C	T	0	692	636	0	0	0	0	570	0	0	6	OK
11_11299	C	G	0	0	613	693	0	0	0	0	0	597	1	OK
12_30006	T	C	0	1251	320	0	0	0	0	329	0	0	4	OK
11_20894	G	C	0	0	251	1328	0	0	0	0	0	323	2	OK
12_30979	G	C	0	0	920	553	0	0	0	0	0	430	1	OK
11_20226	C	T	0	553	921	0	0	0	0	428	0	0	2	OK
12_30976	G	A	459	0	0	949	0	0	494	0	0	0	2	OK
11_20206	A	T	333	1193	0	0	377	0	0	0	0	0	1	OK
11_21202	T	C	0	270	1222	0	0	0	0	410	0	0	2	OK
11_11381	A	G	642	0	0	763	0	0	491	0	0	0	8	OK
11_20533	A	G	291	0	0	1186	0	0	422	0	0	0	5	OK
12_31094	C	T	0	290	1190	0	0	0	0	421	0	0	3	OK
11_20010	T	C	0	1203	380	0	0	0	0	320	0	0	1	OK
11_21065	A	G	1617	0	0	112	0	0	175	0	0	0	0	OK
11_10974	C	G	0	0	163	1513	0	0	0	0	0	227	1	OK
11_21426	T	C	0	1144	315	0	0	0	0	444	0	0	1	OK
11_11048	T	A	185	1363	0	0	355	0	0	0	0	0	1	OK
11_10688	C	T	0	209	1357	0	0	0	0	328	0	0	10	OK
11_10580	C	T	0	219	1295	0	0	0	0	388	0	0	2	OK
11_10621	T	C	0	1170	348	0	0	0	0	385	0	0	1	OK
12_30410	C	A	1692	0	79	0	0	133	0	0	0	0	0	OK
11_20845	G	A	370	0	0	1197	0	0	322	0	0	0	15	OK
11_20903	A	G	1591	0	0	109	0	0	203	0	0	0	1	OK
11_20239	T	G	0	602	0	754	0	0	0	0	544	0	4	OK
12_10079	A	G	722	0	0	640	0	0	540	0	0	0	2	OK
11_20367	C	A	21	0	1847	0	0	36	0	0	0	0	0	OK
11_20236	C	A	228	0	1411	0	0	262	0	0	0	0	3	OK
11_11355	A	G	1291	0	0	294	0	0	318	0	0	0	1	OK
11_11290	G	T	0	397	0	1121	0	0	0	0	385	0	1	OK
11_10578	A	C	907	0	504	0	0	483	0	0	0	0	10	OK
11_20449	A	T	169	1412	0	0	321	0	0	0	0	0	2	OK
11_11350	A	G	69	0	0	1664	0	0	171	0	0	0	0	OK
11_20134	G	A	1526	0	0	113	0	0	260	0	0	0	5	OK
11_20795	T	C	0	1325	281	0	0	0	0	296	0	0	2	OK
12_10507	A	C	1525	0	185	0	0	193	0	0	0	0	1	OK
12_30067	A	G	1889	0	0	7	0	0	7	0	0	0	1	OK
11_10705	A	G	68	0	0	1688	0	0	148	0	0	0	0	OK
11_10783	A	G	1688	0	0	67	0	0	147	0	0	0	2	OK
12_30929	T	C	0	1888	7	0	0	0	0	8	0	0	1	OK
11_21241	A	G	1732	0	0	49	0	0	122	0	0	0	1	OK
12_30635	A	G	1731	0	0	48	0	0	124	0	0	0	1	OK
12_30833	C	T	0	37	1794	0	0	0	0	72	0	0	1	OK
12_30400	T	G	0	336	0	1107	0	0	0	0	458	0	3	OK
11_20388	T	C	0	147	1440	0	0	0	0	312	0	0	5	OK
12_10333	A	G	512	0	0	880	0	0	512	0	0	0	0	OK
11_20104	T	C	0	1443	167	0	0	0	0	293	0	0	1	OK
11_11490	T	G	0	429	0	989	0	0	0	0	486	0	0	OK
11_10901	T	C	0	1383	252	0	0	0	0	152	0	0	117	OK
12_30759	G	T	0	125	0	1510	0	0	0	0	261	0	8	OK
11_20545	A	G	340	0	0	1151	0	0	410	0	0	0	3	OK
11_20646	T	C	0	607	808	0	0	0	0	487	0	0	2	OK
12_31375	A	C	921	0	516	0	0	466	0	0	0	0	1	OK
12_30566	C	T	0	1082	364	0	0	0	0	458	0	0	0	OK
11_20826	G	T	0	23	0	1849	0	0	0	0	32	0	0	OK
11_11216	T	C	0	1577	120	0	0	0	0	46	0	0	161	OK
11_20686	T	C	0	122	1606	0	0	0	0	172	0	0	4	OK
11_10869	G	C	0	0	681	776	0	0	0	0	0	446	1	OK
11_10600	C	T	0	958	485	0	0	0	0	425	0	0	36	OK
12_11450	G	A	1260	0	0	251	0	0	393	0	0	0	0	OK
12_30494	G	C	0	0	393	934	0	0	0	0	0	556	21	OK
11_20189	G	C	0	0	419	1021	0	0	0	0	0	462	2	OK
12_30769	A	G	320	0	0	1124	0	0	455	0	0	0	5	OK
11_20897	G	A	132	0	0	1450	0	0	321	0	0	0	1	OK
12_30577	G	A	1071	0	0	411	0	0	422	0	0	0	0	OK
12_31352	A	G	633	0	0	800	0	0	468	0	0	0	3	OK
11_21155	A	G	229	0	0	1301	0	0	373	0	0	0	1	OK
11_21052	G	A	103	0	0	1620	0	0	181	0	0	0	0	OK
12_31292	C	T	0	904	528	0	0	0	0	472	0	0	0	OK
11_10401	A	T	574	874	0	0	455	0	0	0	0	0	1	OK
12_30958	G	A	180	0	0	1449	0	0	274	0	0	0	1	OK
12_10857	G	T	0	390	0	1132	0	0	0	0	378	0	4	OK
12_30382	G	T	0	58	0	1742	0	0	0	0	93	0	11	OK
11_21521	G	C	0	0	38	1781	0	0	0	0	0	85	0	OK
11_10669	G	A	1785	0	0	38	0	0	81	0	0	0	0	OK
11_11479	T	G	0	1788	0	48	0	0	0	0	67	0	1	OK
11_20415	T	C	0	130	1505	0	0	0	0	269	0	0	0	OK
12_10554	T	G	0	1001	0	380	0	0	0	0	523	0	0	OK
11_21246	T	G	0	685	0	720	0	0	0	0	490	0	9	OK
11_10136	A	G	882	0	0	631	0	0	389	0	0	0	2	OK
11_10676	C	G	0	0	198	1464	0	0	0	0	0	241	1	OK
12_30697	T	G	0	705	0	757	0	0	0	0	440	0	2	OK
12_31308	C	G	0	0	1079	456	0	0	0	0	0	7	362	OK
11_10994	A	G	775	0	0	625	0	0	481	0	0	0	23	OK
11_10939	G	C	0	0	523	999	0	0	0	0	0	381	1	OK
12_30521	C	T	0	1311	252	0	0	0	0	339	0	0	2	OK
12_30361	G	T	0	747	0	691	0	0	0	0	465	0	1	OK
11_10129	C	T	0	667	787	0	0	0	0	447	0	0	3	OK
11_20936	T	C	0	595	867	0	0	0	0	442	0	0	0	OK
11_21281	C	T	0	1716	53	0	0	0	0	134	0	0	1	OK
11_20944	C	T	0	479	1087	0	0	0	0	335	0	0	3	OK
12_30317	T	C	0	421	1009	0	0	0	0	473	0	0	1	OK
11_10539	A	C	421	0	1012	0	0	470	0	0	0	0	1	OK
12_30751	A	G	432	0	0	1061	0	0	404	0	0	0	7	OK
12_30782	C	A	413	0	1128	0	0	30	0	0	0	0	333	OK
11_10003	A	G	1563	0	0	125	0	0	216	0	0	0	0	OK
11_20656	C	T	0	863	531	0	0	0	0	509	0	0	1	OK
12_31509	G	A	0	0	0	1599	0	0	0	0	0	0	305	OK
12_30511	T	C	0	1026	464	0	0	0	0	411	0	0	3	OK
11_11391	A	C	1633	0	88	0	0	180	0	0	0	0	3	OK
12_30144	C	T	0	37	1805	0	0	0	0	61	0	0	1	OK
11_11067	T	C	0	1718	64	0	0	0	0	121	0	0	1	OK
11_10270	A	G	1516	0	0	165	0	0	222	0	0	0	1	OK
11_20058	A	G	1799	0	0	38	0	0	66	0	0	0	1	OK
11_21069	C	T	0	650	729	0	0	0	0	520	0	0	5	OK
11_10040	G	A	46	0	0	1724	0	0	133	0	0	0	1	OK
11_20714	T	C	0	604	828	0	0	0	0	470	0	0	2	OK
11_20673	T	A	596	1085	0	0	33	0	0	0	0	0	190	OK
11_11349	A	C	726	0	677	0	0	500	0	0	0	0	1	OK
12_30940	G	C	0	0	658	623	0	0	0	0	0	622	1	OK
12_30573	G	C	0	0	730	611	0	0	0	0	0	563	0	OK
11_20889	C	G	0	0	722	720	0	0	0	0	0	316	146	OK
11_11458	G	A	615	0	0	747	0	0	524	0	0	0	18	OK
11_11147	T	A	59	1726	0	0	109	0	0	0	0	0	10	OK
12_31235	C	T	0	1104	410	0	0	0	0	389	0	0	1	OK
11_20996	G	T	0	1604	0	116	0	0	0	0	182	0	2	OK
11_20972	T	A	1624	123	0	0	137	0	0	0	0	0	20	OK
11_20036	C	T	0	1802	29	0	0	0	0	72	0	0	1	OK
11_20355	C	T	0	73	1693	0	0	0	0	137	0	0	1	OK
11_10239	G	A	51	0	0	1732	0	0	111	0	0	0	10	OK
11_21455	A	G	1879	0	0	7	0	0	18	0	0	0	0	OK
12_31126	G	A	1372	0	0	290	0	0	239	0	0	0	3	OK
11_20005	G	A	26	0	0	1828	0	0	48	0	0	0	2	OK
12_30414	C	A	1055	0	425	0	0	423	0	0	0	0	1	OK
11_21112	T	C	0	745	687	0	0	0	0	471	0	0	1	OK
11_11111	C	T	0	183	1426	0	0	0	0	293	0	0	2	OK
12_30956	G	T	0	219	0	1293	0	0	0	0	390	0	2	OK
12_31350	G	A	65	0	0	1668	0	0	169	0	0	0	2	OK
12_11433	T	C	0	308	1252	0	0	0	0	337	0	0	7	OK
12_31450	T	G	0	548	0	938	0	0	0	0	418	0	0	OK
11_20755	C	T	0	42	1779	0	0	0	0	83	0	0	0	OK
11_21437	G	A	1017	0	0	440	0	0	447	0	0	0	0	OK
12_31285	G	A	94	0	0	188	0	0	0	0	0	0	1622	OK
11_10025	A	G	159	0	0	1450	0	0	293	0	0	0	2	OK
12_30530	C	T	0	1296	253	0	0	0	0	332	0	0	23	OK
11_20192	G	A	1454	0	0	180	0	0	269	0	0	0	1	OK
12_10218	G	C	0	0	1406	213	0	0	0	0	0	285	0	OK
12_10979	G	A	218	0	0	1406	0	0	279	0	0	0	1	OK
12_30528	A	T	193	1449	0	0	260	0	0	0	0	0	2	OK
11_21491	T	A	317	1300	0	0	286	0	0	0	0	0	1	OK
12_30545	A	G	1610	0	0	110	0	0	177	0	0	0	7	OK
12_10959	T	G	0	1671	0	75	0	0	0	0	158	0	0	OK
11_11014	A	G	1300	0	0	290	0	0	312	0	0	0	2	OK
12_30880	G	A	73	0	0	1673	0	0	157	0	0	0	1	OK
11_11098	T	C	0	1226	279	0	0	0	0	398	0	0	1	OK
12_30496	A	C	1315	0	254	0	0	334	0	0	0	0	1	OK
12_11477	A	G	1416	0	0	202	0	0	283	0	0	0	3	OK
11_10130	T	C	0	1762	68	0	0	0	0	73	0	0	1	OK
11_10534	C	T	0	265	1362	0	0	0	0	276	0	0	1	OK
11_20349	G	A	208	0	0	1442	0	0	253	0	0	0	1	OK
12_30199	A	T	1342	287	0	0	274	0	0	0	0	0	1	OK
11_10303	T	C	0	1406	224	0	0	0	0	273	0	0	1	OK
11_10143	C	T	0	33	1791	0	0	0	0	71	0	0	9	OK
11_21448	A	G	1211	0	0	379	0	0	241	0	0	0	73	OK
11_21201	G	A	1538	0	0	164	0	0	202	0	0	0	0	OK
11_20103	T	C	0	1032	391	0	0	0	0	479	0	0	2	OK
12_30630	A	G	1034	0	0	389	0	0	479	0	0	0	2	OK
11_10169	A	T	1620	108	0	0	174	0	0	0	0	0	2	OK
11_20092	G	C	0	0	1437	208	0	0	0	0	0	258	1	OK
12_10241	C	T	0	92	1677	0	0	0	0	135	0	0	0	OK
12_30164	C	T	0	58	1722	0	0	0	0	122	0	0	2	OK
12_30368	C	T	0	13	1864	0	0	0	0	26	0	0	1	OK
11_11243	G	A	92	0	0	1636	0	0	174	0	0	0	2	OK
11_21229	A	G	1120	0	0	388	0	0	392	0	0	0	4	OK
12_30380	T	C	0	1455	204	0	0	0	0	242	0	0	3	OK
11_10078	C	G	0	0	806	542	0	0	0	0	0	554	2	OK
12_31282	T	C	0	1611	125	0	0	0	0	155	0	0	13	OK
11_10454	C	T	0	1007	404	0	0	0	0	491	0	0	2	OK
11_21280	T	A	1284	257	0	0	363	0	0	0	0	0	0	OK
12_31491	G	A	64	0	0	1715	0	0	124	0	0	0	1	OK
11_21223	C	T	0	314	1193	0	0	0	0	382	0	0	15	OK
12_31166	A	G	402	0	0	1018	0	0	482	0	0	0	2	OK
11_10896	A	G	1335	0	0	298	0	0	222	0	0	0	49	OK
12_30826	T	C	0	1527	153	0	0	0	0	223	0	0	1	OK
11_20170	T	C	0	1507	185	0	0	0	0	206	0	0	6	OK
11_10782	T	C	0	1221	305	0	0	0	0	367	0	0	11	OK
11_21400	C	T	0	1554	108	0	0	0	0	98	0	0	144	OK
11_10695	C	G	0	0	1054	528	0	0	0	0	0	305	17	OK
11_21480	T	C	0	991	438	0	0	0	0	467	0	0	8	OK
11_20100	A	C	89	0	1623	0	0	190	0	0	0	0	2	OK
11_20868	G	C	0	0	733	718	0	0	0	0	0	453	0	OK
11_20266	A	G	38	0	0	1798	0	0	67	0	0	0	1	OK
12_10605	T	C	0	1233	293	0	0	0	0	377	0	0	1	OK
11_10279	T	A	947	481	0	0	475	0	0	0	0	0	1	OK
11_10427	A	G	271	0	0	1309	0	0	321	0	0	0	3	OK
11_20904	C	T	0	229	1429	0	0	0	0	245	0	0	1	OK
