SNP	VCF_Ref	VCF_Alt	AA	TT	CC	GG	AT	AC	AG	TC	TG	GC	Missing	Check
11_10460	T	C	0	1633	172	0	0	0	0	89	0	0	2	OK
12_10636	T	C	0	1610	191	0	0	0	0	92	0	0	3	OK
11_21174	T	C	0	0	1689	0	0	0	0	0	0	0	207	OK
12_30951	A	T	144	1676	0	0	69	0	0	0	0	0	7	OK
12_30948	T	G	0	1735	0	101	0	0	0	0	54	0	6	OK
11_10030	G	A	538	0	0	1172	0	0	162	0	0	0	24	OK
11_20712	A	G	1264	0	0	499	0	0	129	0	0	0	4	OK
11_10186	T	C	0	387	1339	0	0	0	0	167	0	0	3	OK
11_10744	G	C	0	0	1113	501	0	0	0	0	0	279	3	OK
11_21048	A	C	606	0	1018	0	0	270	0	0	0	0	2	OK
12_31276	G	T	0	1096	0	531	0	0	0	0	268	0	1	OK
11_20617	C	G	0	0	1642	172	0	0	0	0	0	79	3	OK
11_10760	A	G	1821	0	0	45	0	0	25	0	0	0	5	OK
12_31177	G	A	181	0	0	1633	0	0	78	0	0	0	4	OK
12_11498	C	T	0	78	1790	0	0	0	0	27	0	0	1	OK
11_10526	C	T	0	103	1739	0	0	0	0	52	0	0	2	OK
12_10506	T	C	0	1890	0	0	0	0	0	0	0	0	6	OK
12_30043	T	C	0	1633	177	0	0	0	0	82	0	0	4	OK
11_11484	G	A	417	0	0	1313	0	0	163	0	0	0	3	OK
11_10075	C	T	0	222	1554	0	0	0	0	118	0	0	2	OK
11_20810	C	T	0	482	1232	0	0	0	0	180	0	0	2	OK
11_21217	C	T	0	627	1062	0	0	0	0	206	0	0	1	OK
11_21053	T	C	0	1377	367	0	0	0	0	150	0	0	2	OK
11_10552	C	T	0	55	1724	0	0	0	0	4	0	0	113	OK
11_10798	C	T	0	625	1084	0	0	0	0	185	0	0	2	OK
11_20432	T	C	0	1296	422	0	0	0	0	176	0	0	2	OK
11_20642	C	G	0	0	1088	619	0	0	0	0	0	185	4	OK
12_10960	C	G	0	0	744	869	0	0	0	0	0	274	9	OK
12_30298	T	C	0	398	1355	0	0	0	0	143	0	0	0	OK
12_30742	T	C	0	1373	326	0	0	0	0	196	0	0	1	OK
11_10686	G	A	54	0	0	1804	0	0	34	0	0	0	4	OK
11_21126	G	C	0	0	624	1043	0	0	0	0	0	224	5	OK
11_20657	A	G	392	0	0	1313	0	0	187	0	0	0	4	OK
12_11173	T	C	0	1769	80	0	0	0	0	44	0	0	3	OK
11_20220	T	C	0	122	1695	0	0	0	0	70	0	0	9	OK
11_20844	A	T	1707	124	0	0	61	0	0	0	0	0	4	OK
11_20021	C	A	181	0	1570	0	0	137	0	0	0	0	8	OK
12_10905	T	C	0	1516	236	0	0	0	0	138	0	0	6	OK
11_10854	G	T	0	428	0	1188	0	0	0	0	278	0	2	OK
11_21038	C	G	0	0	377	1330	0	0	0	0	0	182	7	OK
11_10586	C	T	0	62	1785	0	0	0	0	42	0	0	7	OK
11_10722	A	G	1595	0	0	183	0	0	115	0	0	0	3	OK
12_31377	C	G	0	0	1197	478	0	0	0	0	0	219	2	OK
11_11038	G	A	190	0	0	1579	0	0	125	0	0	0	2	OK
11_20383	A	G	1417	0	0	309	0	0	167	0	0	0	3	OK
12_11496	A	G	1446	0	0	316	0	0	130	0	0	0	4	OK
12_30277	T	G	0	829	0	872	0	0	0	0	195	0	0	OK
11_10041	C	G	0	0	827	833	0	0	0	0	0	233	3	OK
11_20594	G	A	1359	0	0	333	0	0	184	0	0	0	20	OK
11_20840	A	C	231	0	1530	0	0	130	0	0	0	0	5	OK
11_10326	C	T	0	979	680	0	0	0	0	234	0	0	3	OK
12_31224	A	T	1324	369	0	0	199	0	0	0	0	0	4	OK
11_21377	C	T	0	211	1473	0	0	0	0	197	0	0	15	OK
12_30155	T	C	0	1497	235	0	0	0	0	106	0	0	58	OK
11_11040	T	C	0	1881	0	0	0	0	0	0	0	0	15	OK
11_21265	A	G	86	0	0	1749	0	0	57	0	0	0	4	OK
11_10307	C	G	0	0	1200	341	0	0	0	0	0	98	257	OK
11_10787	T	C	0	1644	138	0	0	0	0	109	0	0	5	OK
11_20864	T	C	0	1648	138	0	0	0	0	106	0	0	4	OK
11_21304	G	A	207	0	0	1546	0	0	129	0	0	0	14	OK
11_10525	A	C	1707	0	131	0	0	56	0	0	0	0	2	OK
11_21338	C	T	0	129	1704	0	0	0	0	60	0	0	3	OK
12_30363	A	G	1149	0	0	539	0	0	204	0	0	0	4	OK
12_30703	G	A	587	0	0	1048	0	0	256	0	0	0	5	OK
12_30604	G	A	444	0	0	1225	0	0	180	0	0	0	47	OK
11_10638	A	G	1543	0	0	207	0	0	143	0	0	0	3	OK
12_31474	G	C	0	0	342	1391	0	0	0	0	0	162	1	OK
12_11272	A	G	987	0	0	670	0	0	234	0	0	0	5	OK
12_10485	T	C	0	1677	149	0	0	0	0	68	0	0	2	OK
11_20690	T	C	0	1458	294	0	0	0	0	140	0	0	4	OK
12_10545	A	C	1462	0	289	0	0	143	0	0	0	0	2	OK
12_31020	A	G	1236	0	0	424	0	0	210	0	0	0	26	OK
11_20528	G	T	0	204	0	1527	0	0	0	0	160	0	5	OK
12_10650	C	T	0	423	1261	0	0	0	0	207	0	0	5	OK
11_20734	C	T	0	1267	425	0	0	0	0	199	0	0	5	OK
12_30178	T	C	0	621	1105	0	0	0	0	165	0	0	5	OK
11_10196	T	G	0	498	0	1232	0	0	0	0	165	0	1	OK
12_20489	A	T	515	1223	0	0	133	0	0	0	0	0	25	OK
12_10859	T	C	0	1527	166	0	0	0	0	16	0	0	187	OK
12_30900	C	G	0	0	448	79	0	0	0	0	0	0	1369	OK
11_10214	A	G	365	0	0	1420	0	0	111	0	0	0	0	OK
11_10398	C	A	55	0	1797	0	0	43	0	0	0	0	1	OK
11_10900	G	A	54	0	0	1796	0	0	44	0	0	0	2	OK
11_20182	T	C	0	1768	70	0	0	0	0	54	0	0	4	OK
12_31095	T	C	0	1066	588	0	0	0	0	235	0	0	7	OK
11_10780	A	G	654	0	0	953	0	0	286	0	0	0	3	OK
11_21220	T	C	0	923	605	0	0	0	0	232	0	0	136	OK
12_30636	C	A	1320	0	385	0	0	185	0	0	0	0	6	OK
11_21370	C	G	0	0	748	935	0	0	0	0	0	209	4	OK
11_10109	G	A	936	0	0	747	0	0	213	0	0	0	0	OK
11_10065	A	G	895	0	0	782	0	0	158	0	0	0	61	OK
11_20895	C	T	0	304	1413	0	0	0	0	175	0	0	4	OK
12_30396	G	A	446	0	0	1233	0	0	215	0	0	0	2	OK
11_20715	T	C	0	636	986	0	0	0	0	272	0	0	2	OK
11_20590	G	C	0	0	1333	403	0	0	0	0	0	158	2	OK
11_10551	G	A	360	0	0	1396	0	0	137	0	0	0	3	OK
12_10447	T	G	0	1340	0	358	0	0	0	0	194	0	4	OK
11_21250	G	A	1219	0	0	468	0	0	205	0	0	0	4	OK
11_11380	C	T	0	357	1351	0	0	0	0	181	0	0	7	OK
12_10181	A	G	1070	0	0	548	0	0	86	0	0	0	192	OK
11_20293	C	T	0	400	1298	0	0	0	0	189	0	0	9	OK
11_21436	G	T	0	154	0	1631	0	0	0	0	108	0	3	OK
11_21453	T	C	0	1660	135	0	0	0	0	99	0	0	2	OK
12_30102	A	G	1543	0	0	225	0	0	124	0	0	0	4	OK
12_31428	T	C	0	1544	221	0	0	0	0	114	0	0	17	OK
11_20252	C	T	0	284	1480	0	0	0	0	132	0	0	0	OK
11_20159	T	G	0	305	0	1445	0	0	0	0	143	0	3	OK
12_30818	G	A	158	0	0	1628	0	0	89	0	0	0	21	OK
11_20595	T	G	0	175	0	1604	0	0	0	0	114	0	3	OK
12_10571	T	C	0	1832	38	0	0	0	0	22	0	0	4	OK
12_30113	C	T	0	1802	56	0	0	0	0	34	0	0	4	OK
11_20172	T	G	0	1715	0	120	0	0	0	0	58	0	3	OK
11_20742	A	G	1409	0	0	328	0	0	150	0	0	0	9	OK
12_30920	C	G	0	0	1638	163	0	0	0	0	0	90	5	OK
11_20968	G	A	1805	0	0	52	0	0	35	0	0	0	4	OK
12_30571	C	T	0	44	1810	0	0	0	0	37	0	0	5	OK
11_10081	T	C	0	1797	50	0	0	0	0	44	0	0	5	OK
12_30064	G	A	70	0	0	1760	0	0	59	0	0	0	7	OK
12_30474	C	T	0	67	1779	0	0	0	0	42	0	0	8	OK
11_11086	G	A	1758	0	0	78	0	0	59	0	0	0	1	OK
11_10926	T	A	67	1785	0	0	42	0	0	0	0	0	2	OK
11_11016	G	C	0	0	64	1788	0	0	0	0	0	42	2	OK
11_20704	A	G	400	0	0	1346	0	0	150	0	0	0	0	OK
12_30788	G	C	0	0	1523	245	0	0	0	0	0	128	0	OK
11_11314	T	C	0	368	1408	0	0	0	0	118	0	0	2	OK
12_31356	C	T	0	281	1474	0	0	0	0	47	0	0	94	OK
11_20521	T	A	1719	110	0	0	64	0	0	0	0	0	3	OK
12_31346	C	T	0	366	1402	0	0	0	0	120	0	0	8	OK
12_31262	G	C	0	0	1556	223	0	0	0	0	0	112	5	OK
11_11021	G	A	1758	0	0	69	0	0	64	0	0	0	5	OK
11_10253	G	A	69	0	0	1754	0	0	67	0	0	0	6	OK
12_30223	C	T	0	235	1487	0	0	0	0	162	0	0	12	OK
12_31499	C	T	0	391	1341	0	0	0	0	159	0	0	5	OK
12_30084	C	A	13	0	1872	0	0	9	0	0	0	0	2	OK
11_11141	A	G	41	0	0	1825	0	0	26	0	0	0	4	OK
12_10122	T	C	0	401	1286	0	0	0	0	205	0	0	4	OK
12_11154	G	A	45	0	0	1818	0	0	29	0	0	0	4	OK
11_20851	G	T	0	262	0	1530	0	0	0	0	99	0	5	OK
11_10631	C	A	215	0	1596	0	0	80	0	0	0	0	5	OK
11_21266	T	C	0	1764	76	0	0	0	0	53	0	0	3	OK
11_21272	C	G	0	0	76	1769	0	0	0	0	0	50	1	OK
12_21376	A	C	57	0	1797	0	0	38	0	0	0	0	4	OK
12_30921	A	G	135	0	0	1702	0	0	57	0	0	0	2	OK
12_30767	T	C	0	228	1567	0	0	0	0	98	0	0	3	OK
11_20605	T	G	0	1467	0	294	0	0	0	0	119	0	16	OK
12_30736	A	G	156	0	0	1647	0	0	85	0	0	0	8	OK
11_11516	T	G	0	301	0	1467	0	0	0	0	124	0	4	OK
12_30055	C	T	0	1760	85	0	0	0	0	46	0	0	5	OK
12_30764	A	G	1199	0	0	454	0	0	239	0	0	0	4	OK
11_10208	A	T	1448	293	0	0	149	0	0	0	0	0	6	OK
12_31458	C	T	0	358	1327	0	0	0	0	205	0	0	6	OK
12_30540	C	T	0	297	1425	0	0	0	0	171	0	0	3	OK
11_10221	G	C	0	0	1155	538	0	0	0	0	0	200	3	OK
11_20422	C	G	0	0	474	1201	0	0	0	0	0	215	6	OK
11_21418	A	G	818	0	0	844	0	0	231	0	0	0	3	OK
11_20777	C	T	0	1203	478	0	0	0	0	213	0	0	2	OK
11_21397	T	C	0	408	1278	0	0	0	0	206	0	0	4	OK
12_31313	A	G	1759	0	0	86	0	0	47	0	0	0	4	OK
12_10860	A	G	1263	0	0	422	0	0	209	0	0	0	2	OK
12_31524	A	G	273	0	0	1460	0	0	145	0	0	0	18	OK
11_20012	A	G	1281	0	0	404	0	0	207	0	0	0	4	OK
11_20114	T	A	399	1306	0	0	190	0	0	0	0	0	1	OK
11_10793	G	C	0	0	218	1506	0	0	0	0	0	167	5	OK
11_11405	A	G	209	0	0	1546	0	0	141	0	0	0	0	OK
11_11114	C	T	0	1514	224	0	0	0	0	154	0	0	4	OK
12_30605	A	G	1513	0	0	221	0	0	157	0	0	0	5	OK
11_11244	C	A	39	0	1816	0	0	36	0	0	0	0	5	OK
11_20361	T	C	0	1375	325	0	0	0	0	195	0	0	1	OK
11_10639	C	T	0	719	897	0	0	0	0	270	0	0	10	OK
12_30755	T	C	0	630	997	0	0	0	0	269	0	0	0	OK
12_31536	T	C	0	471	1168	0	0	0	0	244	0	0	13	OK
11_20580	C	T	0	179	1609	0	0	0	0	105	0	0	3	OK
11_11513	C	T	0	410	1301	0	0	0	0	182	0	0	3	OK
11_10467	A	G	363	0	0	1099	0	0	0	0	0	0	434	OK
12_30994	G	A	846	0	0	796	0	0	249	0	0	0	5	OK
12_31362	A	C	1327	0	364	0	0	196	0	0	0	0	9	OK
11_10309	A	G	397	0	0	1311	0	0	184	0	0	0	4	OK
11_11004	A	G	533	0	0	1102	0	0	258	0	0	0	3	OK
11_10523	C	A	819	0	817	0	0	254	0	0	0	0	6	OK
11_20197	T	A	1145	488	0	0	249	0	0	0	0	0	14	OK
11_10724	G	C	0	0	1506	250	0	0	0	0	0	132	8	OK
11_11213	T	C	0	800	902	0	0	0	0	192	0	0	2	OK
11_20765	C	A	1676	0	130	0	0	86	0	0	0	0	4	OK
11_20358	T	C	0	480	1191	0	0	0	0	221	0	0	4	OK
11_10588	T	C	0	1844	21	0	0	0	0	27	0	0	4	OK
11_20384	G	A	70	0	0	1750	0	0	65	0	0	0	11	OK
12_30117	A	G	1397	0	0	343	0	0	153	0	0	0	3	OK
11_20119	T	G	0	1433	0	304	0	0	0	0	156	0	3	OK
11_20454	A	G	1675	0	0	130	0	0	89	0	0	0	2	OK
12_30988	T	A	92	1724	0	0	77	0	0	0	0	0	3	OK
11_21111	C	G	0	0	204	1344	0	0	0	0	0	73	275	OK
11_20974	C	A	195	0	1569	0	0	132	0	0	0	0	0	OK
12_31138	C	T	0	812	869	0	0	0	0	213	0	0	2	OK
11_11299	C	G	0	0	899	781	0	0	0	0	0	211	5	OK
12_30006	T	C	0	1178	506	0	0	0	0	204	0	0	8	OK
11_20894	G	C	0	0	247	1465	0	0	0	0	0	181	3	OK
12_30979	G	C	0	0	732	888	0	0	0	0	0	270	6	OK
11_20226	C	T	0	909	725	0	0	0	0	257	0	0	5	OK
12_30976	G	A	795	0	0	830	0	0	264	0	0	0	7	OK
11_20206	A	T	503	1142	0	0	248	0	0	0	0	0	3	OK
11_21202	T	C	0	227	1530	0	0	0	0	136	0	0	3	OK
11_11381	A	G	825	0	0	834	0	0	233	0	0	0	4	OK
11_20533	A	G	492	0	0	1204	0	0	192	0	0	0	8	OK
12_31094	C	T	0	494	1205	0	0	0	0	191	0	0	6	OK
11_20010	T	C	0	1457	329	0	0	0	0	110	0	0	0	OK
11_21065	A	G	1617	0	0	163	0	0	102	0	0	0	14	OK
11_10974	C	G	0	0	283	1509	0	0	0	0	0	104	0	OK
11_21426	T	C	0	1596	184	0	0	0	0	108	0	0	8	OK
11_11048	T	A	350	1403	0	0	140	0	0	0	0	0	3	OK
11_10688	C	T	0	340	1430	0	0	0	0	124	0	0	2	OK
11_10580	C	T	0	399	1335	0	0	0	0	158	0	0	4	OK
11_10621	T	C	0	1205	533	0	0	0	0	155	0	0	3	OK
12_30410	C	A	1753	0	98	0	0	42	0	0	0	0	3	OK
11_20845	G	A	546	0	0	1197	0	0	140	0	0	0	13	OK
11_20903	A	G	1697	0	0	118	0	0	75	0	0	0	6	OK
11_20239	T	G	0	1073	0	598	0	0	0	0	220	0	5	OK
12_10079	A	G	1133	0	0	551	0	0	207	0	0	0	5	OK
11_20367	C	A	89	0	1759	0	0	47	0	0	0	0	1	OK
11_20236	C	A	326	0	1390	0	0	177	0	0	0	0	3	OK
11_11355	A	G	1256	0	0	472	0	0	166	0	0	0	2	OK
11_11290	G	T	0	593	0	1116	0	0	0	0	184	0	3	OK
11_10578	A	C	959	0	725	0	0	197	0	0	0	0	15	OK
11_20449	A	T	432	1232	0	0	226	0	0	0	0	0	6	OK
11_11350	A	G	224	0	0	1567	0	0	100	0	0	0	5	OK
11_20134	G	A	1640	0	0	153	0	0	96	0	0	0	7	OK
11_20795	T	C	0	1419	306	0	0	0	0	161	0	0	10	OK
12_10507	A	C	1459	0	267	0	0	166	0	0	0	0	4	OK
12_30067	A	G	1834	0	0	36	0	0	24	0	0	0	2	OK
11_10705	A	G	286	0	0	1501	0	0	109	0	0	0	0	OK
11_10783	A	G	1498	0	0	285	0	0	111	0	0	0	2	OK
12_30929	T	C	0	1835	33	0	0	0	0	26	0	0	2	OK
11_21241	A	G	1559	0	0	221	0	0	114	0	0	0	2	OK
12_30635	A	G	1556	0	0	222	0	0	116	0	0	0	2	OK
12_30833	C	T	0	36	1828	0	0	0	0	31	0	0	1	OK
12_30400	T	G	0	600	0	1155	0	0	0	0	138	0	3	OK
11_20388	T	C	0	387	1373	0	0	0	0	129	0	0	7	OK
12_10333	A	G	728	0	0	981	0	0	184	0	0	0	3	OK
11_20104	T	C	0	1382	389	0	0	0	0	122	0	0	3	OK
11_11490	T	G	0	679	0	1037	0	0	0	0	176	0	4	OK
11_10901	T	C	0	1443	294	0	0	0	0	132	0	0	27	OK
12_30759	G	T	0	189	0	1581	0	0	0	0	118	0	8	OK
11_20545	A	G	493	0	0	1194	0	0	206	0	0	0	3	OK
11_20646	T	C	0	777	891	0	0	0	0	226	0	0	2	OK
12_31375	A	C	987	0	717	0	0	189	0	0	0	0	3	OK
12_30566	C	T	0	1181	530	0	0	0	0	185	0	0	0	OK
11_20826	G	T	0	12	0	1876	0	0	0	0	5	0	3	OK
11_11216	T	C	0	1625	164	0	0	0	0	100	0	0	7	OK
11_20686	T	C	0	208	1586	0	0	0	0	100	0	0	2	OK
11_10869	G	C	0	0	777	903	0	0	0	0	0	214	2	OK
11_10600	C	T	0	1152	546	0	0	0	0	186	0	0	12	OK
12_11450	G	A	1383	0	0	346	0	0	166	0	0	0	1	OK
12_30494	G	C	0	0	545	1013	0	0	0	0	0	331	7	OK
11_20189	G	C	0	0	617	1043	0	0	0	0	0	234	2	OK
12_30769	A	G	501	0	0	1148	0	0	241	0	0	0	6	OK
11_20897	G	A	145	0	0	1654	0	0	93	0	0	0	4	OK
12_30577	G	A	1043	0	0	614	0	0	235	0	0	0	4	OK
12_31352	A	G	940	0	0	783	0	0	162	0	0	0	11	OK
11_21155	A	G	440	0	0	1239	0	0	210	0	0	0	7	OK
11_21052	G	A	106	0	0	1730	0	0	58	0	0	0	2	OK
12_31292	C	T	0	898	774	0	0	0	0	222	0	0	2	OK
11_10401	A	T	456	1218	0	0	215	0	0	0	0	0	7	OK
12_30958	G	A	158	0	0	1648	0	0	89	0	0	0	1	OK
12_10857	G	T	0	348	0	1360	0	0	0	0	165	0	23	OK
12_30382	G	T	0	70	0	1791	0	0	0	0	32	0	3	OK
11_21521	G	C	0	0	128	1680	0	0	0	0	0	86	2	OK
11_10669	G	A	1683	0	0	125	0	0	85	0	0	0	3	OK
11_11479	T	G	0	1685	0	112	0	0	0	0	94	0	5	OK
11_20415	T	C	0	148	1626	0	0	0	0	117	0	0	5	OK
12_10554	T	G	0	1249	0	400	0	0	0	0	244	0	3	OK
11_21246	T	G	0	693	0	942	0	0	0	0	251	0	10	OK
11_10136	A	G	1009	0	0	663	0	0	220	0	0	0	4	OK
11_10676	C	G	0	0	196	1602	0	0	0	0	0	96	2	OK
12_30697	T	G	0	780	0	883	0	0	0	0	230	0	3	OK
12_31308	C	G	0	0	885	778	0	0	0	0	0	228	5	OK
11_10994	A	G	669	0	0	932	0	0	277	0	0	0	18	OK
11_10939	G	C	0	0	541	1138	0	0	0	0	0	210	7	OK
12_30521	C	T	0	1321	373	0	0	0	0	198	0	0	4	OK
12_30361	G	T	0	930	0	703	0	0	0	0	244	0	19	OK
11_10129	C	T	0	616	995	0	0	0	0	281	0	0	4	OK
11_20936	T	C	0	536	1131	0	0	0	0	228	0	0	1	OK
11_21281	C	T	0	1673	128	0	0	0	0	91	0	0	4	OK
11_20944	C	T	0	410	1261	0	0	0	0	211	0	0	14	OK
12_30317	T	C	0	648	951	0	0	0	0	295	0	0	2	OK
11_10539	A	C	649	0	950	0	0	297	0	0	0	0	0	OK
12_30751	A	G	585	0	0	1021	0	0	288	0	0	0	2	OK
12_30782	C	A	442	0	1235	0	0	207	0	0	0	0	12	OK
11_10003	A	G	1596	0	0	160	0	0	133	0	0	0	7	OK
11_20656	C	T	0	1211	494	0	0	0	0	188	0	0	3	OK
12_31509	G	A	0	0	0	1893	0	0	0	0	0	0	3	OK
12_30511	T	C	0	1284	431	0	0	0	0	179	0	0	2	OK
11_11391	A	C	1645	0	147	0	0	102	0	0	0	0	2	OK
12_30144	C	T	0	123	1678	0	0	0	0	90	0	0	5	OK
11_11067	T	C	0	1693	106	0	0	0	0	95	0	0	2	OK
11_10270	A	G	1589	0	0	180	0	0	124	0	0	0	3	OK
11_20058	A	G	1606	0	0	157	0	0	129	0	0	0	4	OK
11_21069	C	T	0	1055	572	0	0	0	0	265	0	0	4	OK
11_10040	G	A	91	0	0	1718	0	0	82	0	0	0	5	OK
11_20714	T	C	0	1086	559	0	0	0	0	246	0	0	5	OK
11_20673	T	A	1012	648	0	0	209	0	0	0	0	0	27	OK
11_11349	A	C	508	0	1144	0	0	240	0	0	0	0	4	OK
12_30940	G	C	0	0	541	1092	0	0	0	0	0	260	3	OK
12_30573	G	C	0	0	1297	385	0	0	0	0	0	205	9	OK
11_20889	C	G	0	0	454	1232	0	0	0	0	0	188	22	OK
11_11458	G	A	444	0	0	1237	0	0	213	0	0	0	2	OK
11_11147	T	A	103	1707	0	0	82	0	0	0	0	0	4	OK
12_31235	C	T	0	1037	652	0	0	0	0	203	0	0	4	OK
11_20996	G	T	0	1430	0	235	0	0	0	0	178	0	53	OK
11_20972	T	A	1519	239	0	0	135	0	0	0	0	0	3	OK
11_20036	C	T	0	1732	105	0	0	0	0	55	0	0	4	OK
11_20355	C	T	0	172	1584	0	0	0	0	135	0	0	5	OK
11_10239	G	A	126	0	0	1672	0	0	91	0	0	0	7	OK
11_21455	A	G	1754	0	0	63	0	0	70	0	0	0	9	OK
12_31126	G	A	1389	0	0	358	0	0	146	0	0	0	3	OK
11_20005	G	A	27	0	0	1804	0	0	47	0	0	0	18	OK
12_30414	C	A	889	0	751	0	0	246	0	0	0	0	10	OK
11_21112	T	C	0	707	923	0	0	0	0	263	0	0	3	OK
11_11111	C	T	0	523	1133	0	0	0	0	226	0	0	14	OK
12_30956	G	T	0	637	0	1030	0	0	0	0	219	0	10	OK
12_31350	G	A	142	0	0	1664	0	0	88	0	0	0	2	OK
12_11433	T	C	0	336	1422	0	0	0	0	135	0	0	3	OK
12_31450	T	G	0	744	0	953	0	0	0	0	195	0	4	OK
11_20755	C	T	0	64	1789	0	0	0	0	43	0	0	0	OK
11_21437	G	A	999	0	0	680	0	0	213	0	0	0	4	OK
12_31285	G	A	59	0	0	1735	0	0	44	0	0	0	58	OK
11_10025	A	G	282	0	0	1448	0	0	164	0	0	0	2	OK
12_30530	C	T	0	1011	310	0	0	0	0	453	0	0	122	OK
11_20192	G	A	1322	0	0	384	0	0	188	0	0	0	2	OK
12_10218	G	C	0	0	1319	383	0	0	0	0	0	191	3	OK
12_10979	G	A	193	0	0	1595	0	0	107	0	0	0	1	OK
12_30528	A	T	159	1643	0	0	89	0	0	0	0	0	5	OK
11_21491	T	A	234	1537	0	0	121	0	0	0	0	0	4	OK
12_30545	A	G	1635	0	0	132	0	0	87	0	0	0	42	OK
12_10959	T	G	0	1699	0	112	0	0	0	0	83	0	2	OK
11_11014	A	G	1562	0	0	211	0	0	119	0	0	0	4	OK
12_30880	G	A	107	0	0	1695	0	0	87	0	0	0	7	OK
11_11098	T	C	0	1560	208	0	0	0	0	125	0	0	3	OK
12_30496	A	C	1623	0	167	0	0	102	0	0	0	0	4	OK
12_11477	A	G	1729	0	0	101	0	0	63	0	0	0	3	OK
11_10130	T	C	0	1768	75	0	0	0	0	51	0	0	2	OK
11_10534	C	T	0	157	1635	0	0	0	0	98	0	0	6	OK
11_20349	G	A	118	0	0	1686	0	0	89	0	0	0	3	OK
12_30199	A	T	1607	190	0	0	97	0	0	0	0	0	2	OK
11_10303	T	C	0	1669	152	0	0	0	0	74	0	0	1	OK
11_10143	C	T	0	53	1780	0	0	0	0	58	0	0	5	OK
11_21448	A	G	1555	0	0	165	0	0	102	0	0	0	74	OK
11_21201	G	A	1718	0	0	98	0	0	78	0	0	0	2	OK
11_20103	T	C	0	1316	365	0	0	0	0	210	0	0	5	OK
12_30630	A	G	902	0	0	420	0	0	87	0	0	0	487	OK
11_10169	A	T	1776	64	0	0	53	0	0	0	0	0	3	OK
11_20092	G	C	0	0	1559	225	0	0	0	0	0	110	2	OK
12_10241	C	T	0	93	1730	0	0	0	0	62	0	0	11	OK
12_30164	C	T	0	79	1768	0	0	0	0	44	0	0	5	OK
12_30368	C	T	0	24	1837	0	0	0	0	23	0	0	12	OK
11_11243	G	A	147	0	0	1666	0	0	75	0	0	0	8	OK
11_21229	A	G	1158	0	0	474	0	0	259	0	0	0	5	OK
12_30380	T	C	0	1520	231	0	0	0	0	142	0	0	3	OK
11_10078	C	G	0	0	1095	507	0	0	0	0	0	293	1	OK
12_31282	T	C	0	1593	149	0	0	0	0	85	0	0	69	OK
11_10454	C	T	0	1040	651	0	0	0	0	201	0	0	4	OK
11_21280	T	A	1172	498	0	0	225	0	0	0	0	0	1	OK
12_31491	G	A	120	0	0	1692	0	0	84	0	0	0	0	OK
11_21223	C	T	0	414	1294	0	0	0	0	177	0	0	11	OK
12_31166	A	G	668	0	0	875	0	0	317	0	0	0	36	OK
11_10896	A	G	1374	0	0	338	0	0	172	0	0	0	12	OK
12_30826	T	C	0	1694	112	0	0	0	0	86	0	0	4	OK
11_20170	T	C	0	1695	112	0	0	0	0	85	0	0	4	OK
11_10782	T	C	0	1269	409	0	0	0	0	215	0	0	3	OK
11_21400	C	T	0	1624	0	0	0	0	0	0	0	0	272	OK
11_10695	C	G	0	0	1282	459	0	0	0	0	0	135	20	OK
11_21480	T	C	0	937	726	0	0	0	0	231	0	0	2	OK
11_20100	A	C	102	0	1695	0	0	93	0	0	0	0	6	OK
11_20868	G	C	0	0	723	911	0	0	0	0	0	249	13	OK
11_20266	A	G	109	0	0	1680	0	0	104	0	0	0	3	OK
12_10605	T	C	0	1578	196	0	0	0	0	118	0	0	4	OK
11_10279	T	A	1299	429	0	0	164	0	0	0	0	0	4	OK
11_10427	A	G	298	0	0	1407	0	0	177	0	0	0	14	OK
11_20904	C	T	0	326	1408	0	0	0	0	162	0	0	0	OK
