13.775
13.367
9.932
15.085
17.341
15.754
10.41
12.133
8.272
10.132
16.35
16.135
13.889
8.557
10.153
11.966
10.481
7.612
4.444
6.598
14.481
12.36
12.428
10.95
10.303
10.219
19.478
12.409
17.817
13.499
11.816
16.553
11.476
9.293
13.244
18.766
9.37
14.229
13.206
21.029
13.569
8.266
9.599
9.765
8.119
13.307
9.144
10.224
5.085
18.696
11.909
11.622
16.518
18.752
15.978
10.872
13.139
9.806
11.676
13.578
8.232
9.903
11.342
8.363
7.98
9.172
9.661
16.302
16.985
12.315
12.24
5.895
8.146
6.652
12.354
10.603
15.782
21.266
6.957
9.651
13.52
16.797
10.487
14.291
9
10.207
11.648
11.743
14.109
8.696
11.717
10.935
8.397
14.47
11.104
7.087
4.524
15.127
13.59
11.246
6.863
7.419
18.616
8.749
15.653
10.25
8.51
11.153
8.505
13.324
8.439
9.324
14.488
13.234
12.596
10.789
8.697
4.582
9.152
8.659
10.706
9.507
11.029
13.298
12.199
6.873
7.744
13.982
12.076
7.483
12.829
7.204
12.053
7.715
13.694
12.245
12.317
12.22
12.545
12.293
13.172
16.687
11.115
6.541
10.623
10.926
7.332
7.757
10.678
16.092
9.199
13.305
8.211
8.646
17.931
11.78
12.201
7.412
15.956
13.701
5.54
11.781
13.937
8.203
16.446
12.948
13.942
4.485
9.099
11.637
8.267
11.814
16.121
16.682
9.406
10.721
11.774
10.293
21.223
15.386
14.105
9.605
21.672
11.596
11.312
18.554
8.709
13.248
12.044
15.525
9.391
13.688
12.324
12.182
14.29
14.858
13.289
9.146
8.695
11.271
9.495
6.197
13.419
9.881
9.047
14.669
11.724
11.476
10.091
18.02
18.017
6.814
11.347
7.249
12.042
14.395
10.55
14.304
7.971
11.097
10.773
10.56
17.805
9.874
11.91
11.097
11.596
6.317
8.295
7.855
14.043
16.558
11.523
12.137
12.159
13.31
9.235
7.499
9.306
14.245
14.476
10.927
9.918
13.313
14.675
6.731
12.438
13.838
13.241
13.32
9.912
6.545
9.671
19.882
9.714
9.129
17.112
6.55
9.832
19.658
17.211
9.03
9.065
11.35
11.78
12.82
15.782
10.782
10.002
17.701
8.604
8.574
5.585
12.232
15.021
12.864
10.201
11.62
15.076
10.45
9.286
25.71
5.735
13.826
13.827
15.515
18.315
9.442
8.876
9.328
16.396
17.349
5.476
17.317
17.632
11.316
13.692
14
6.939
9.783
7.55
11.828
10.744
8.97
6.891
6.817
11.364
12.268
8.429
4.73
9.778
17.332
12.828
10.209
15.641
8.193
12.552
10.347
9.432
