0.128174	0.236736
0.127601	0.238876
0.133817	0.249269
0.240413	0.405351
0.253026	0.413110
0.158565	0.278913
0.183618	0.316117
0.228721	0.379037
0.270960	0.437392
0.138624	0.252914
0.205625	0.327408
0.156388	0.296503
0.147258	0.243330
0.249738	0.407388
0.356452	0.559490
0.139055	0.260652
0.212475	0.355574
0.156540	0.292580
0.140910	0.230715
0.320469	0.508187
0.135446	0.255628
0.131612	0.241924
0.221804	0.370790
0.193259	0.328763
0.162210	0.289542
0.167437	0.277773
0.162160	0.264762
0.130875	0.244031
0.245370	0.406647
0.175757	0.283963
0.188082	0.297215
0.146171	0.238818
0.476385	0.727851
0.156766	0.276973
0.163580	0.288193
0.173657	0.301764
0.438295	0.675880
0.164233	0.273209
0.146885	0.242804
0.172053	0.298684
0.253446	0.393027
0.147682	0.267970
0.229858	0.380735
0.260407	0.429685
0.137386	0.258430
0.458588	0.733447
0.187879	0.325667
0.414855	0.641248
0.158353	0.278609
0.660745	0.986893
0.298663	0.476623
0.134756	0.248186
0.190594	0.325033
0.149553	0.245038
0.167748	0.299631
0.347412	0.546170
0.142350	0.236373
0.274312	0.449994
0.274794	0.442710
0.139842	0.239002
0.175814	0.280179
-0.013345	0.376383
0.133203	0.243363
0.154096	0.273650
0.143901	0.259355
0.243215	0.398281
0.144678	0.259534
0.230772	0.381551
0.132291	0.242894
0.391790	0.609018
0.210833	0.364888
0.386433	0.604425
0.205900	0.346306
0.159860	0.284668
0.135248	0.247364
0.241268	0.397111
0.180346	0.289977
0.219956	0.365492
0.140771	0.255474
0.141535	0.258587
0.138096	0.227580
0.196531	0.337516
0.336029	0.505951
0.357946	0.560286
0.191849	0.333633
0.143239	0.246692
0.126505	0.234750
0.175076	0.302490
0.214187	0.334718
0.151845	0.246131
0.159458	0.282064
0.156700	0.275894
0.254573	0.434909
0.317703	0.483612
0.182171	0.313213
0.192972	0.331590
0.212443	0.336555
0.143616	0.238183
0.161717	0.272228
0.133152	0.228162
0.153166	0.273720
0.200924	0.338840
0.198665	0.335411
0.175132	0.302750
0.194376	0.330326
0.152283	0.271867
0.285939	0.460480
0.226478	0.374686
0.231228	0.358299
0.151746	0.246683
0.217930	0.363636
0.166308	0.294111
0.219391	0.341611
0.247145	0.403734
0.177054	0.305012
0.182970	0.298659
0.270167	0.436811
0.164622	0.265009
0.143746	0.259040
0.254250	0.420324
0.156629	0.256534
0.135548	0.226823
0.352270	0.552647
0.155320	0.254683
0.229837	0.380049
0.634821	0.952105
0.397242	0.615419
0.175787	0.279882
0.259328	0.423168
0.232900	0.384006
0.226781	0.376113
0.178612	0.307383
0.190373	0.323729
0.168119	0.293230
0.231675	0.388369
0.166111	0.291561
0.163340	0.265662
0.306081	0.488876
0.206576	0.346897
0.137642	0.251031
0.401437	0.630558
0.146464	0.238540
0.194255	0.329163
0.139661	0.254696
0.150865	0.272341
0.142877	0.264854
0.203731	0.347826
0.186451	0.319226
0.153953	0.283793
0.134242	0.244658
0.147433	0.263430
0.170167	0.272393
0.150248	0.252102
0.151943	0.269881
0.197883	0.314654
0.380013	0.600511
0.149027	0.242327
0.183208	0.299379
0.309372	0.500925
0.123846	0.243715
0.160920	0.284335
0.172431	0.298674
0.131804	0.242199
0.327022	0.516691
0.138977	0.248016
0.181796	0.313260
0.128238	0.238171
0.410833	0.638940
0.141327	0.256574
0.170596	0.297486
0.130954	0.240975
0.260412	0.425111
0.321284	0.510511
0.157279	0.280680
0.146466	0.242214
0.141210	0.256612
0.145866	0.261669
0.189999	0.325370
0.228284	0.382071
0.149678	0.251519
0.298394	0.458682
0.168775	0.269851
0.213777	0.361500
0.238519	0.369982
0.219947	0.368279
0.125948	0.243955
0.144337	0.270261
0.202637	0.341079
0.157114	0.277287
0.148399	0.244940
0.161879	0.284616
0.191670	0.308215
0.129761	0.239415
0.525712	0.881671
0.148063	0.264589
0.131719	0.242077
0.127558	0.239721
0.173128	0.303724
0.145578	0.260808
0.134831	0.222404
0.466038	0.713512
0.205501	0.346305
0.211014	0.355267
0.200160	0.338033
0.246632	0.383420
0.188313	0.297969
0.210343	0.354761
0.178249	0.307883
0.134795	0.225761
0.135198	0.246008
0.145783	0.270316
0.154153	0.273730
0.170542	0.296834
0.188470	0.325761
0.274967	0.423025
0.171144	0.299063
0.161789	0.261368
0.253393	0.419251
0.274794	0.442710
0.128599	0.240277
0.238860	0.392141
0.221017	0.344653
0.315931	0.503802
-40086300.037789	0.000002
0.154055	0.254827
0.161396	0.260088
0.437162	0.672181
0.273551	0.441132
0.157777	0.254484
0.252156	0.413059
0.161085	0.290236
0.464258	0.711283
0.138362	0.237702
0.173172	0.300540
0.166919	0.277239
0.130124	0.238896
0.227395	0.376978
0.181485	0.315489
0.172382	0.298428
0.210546	0.353802
0.306613	0.469308
0.131060	0.241129
0.137920	0.227240
0.152279	0.250352
0.165125	0.288642
0.247145	0.403734
0.146837	0.263040
0.151103	0.276619
0.865914	2.049238
0.177137	0.305130
0.322234	0.509851
0.137558	0.249514
0.137134	0.248739
0.172240	0.306992
0.176828	0.305321
0.415865	0.643445
0.217384	0.366706
0.135930	0.247669
0.214102	0.357417
0.141035	0.254423
0.203265	0.326769
0.143915	0.258542
0.198223	0.314792
0.187722	0.320100
0.367021	0.657987
0.149460	0.266201
0.169257	0.276255
0.259810	0.423248
0.191427	0.326200
0.164590	0.288349
0.333490	0.526925
0.164745	0.287660
0.265432	0.430045
0.337525	0.527913
0.148401	0.267743
0.150832	0.247094
0.580696	0.873956
0.158278	0.279322
0.220689	0.368700
0.134376	0.245847
0.143383	0.258908
0.136662	0.249073
0.137231	0.249782
0.249738	0.407388
0.381541	0.598243
0.140744	0.235399
0.217299	0.365761
