13.889
9.918
8.232
7.499
15.076
12.596
10.002
11.637
9.306
9
17.805
14.488
10.782
11.62
11.35
13.692
8.193
12.133
11.648
18.766
11.774
12.354
13.367
7.483
13.244
9.874
10.872
16.446
9.328
13.298
8.267
6.891
10.55
9.391
17.931
9.146
12.315
8.749
10.773
8.439
12.232
13.838
12.36
12.199
13.688
15.127
11.115
12.201
6.957
17.632
15.956
11.676
6.814
9.324
11.246
10.603
11.596
6.873
11.743
14.29
16.35
6.731
4.485
6.317
8.397
21.223
11.78
16.797
13.694
7.612
21.029
10.207
8.659
15.525
7.971
17.332
17.341
13.59
14.858
6.817
10.219
11.523
7.98
16.396
16.121
17.349
14.47
11.828
10.926
15.782
9.932
14.395
13.937
9.778
12.137
6.55
9.37
10.623
8.646
10.95
9.507
11.476
9.881
9.912
11.909
8.574
16.682
16.518
7.412
9.806
10.224
10.347
9.152
9.235
7.855
11.316
10.153
8.272
5.895
11.966
19.478
12.182
13.775
9.406
12.864
6.939
25.71
9.129
12.24
10.132
21.672
12.042
18.616
5.54
7.757
9.199
12.552
14.291
18.554
9.144
17.701
12.317
11.312
4.73
11.781
9.03
16.558
13.139
13.313
10.293
4.582
14.105
11.029
4.524
9.671
8.97
8.696
11.153
13.32
7.715
9.286
15.782
7.744
15.978
13.982
12.268
6.545
12.293
9.651
13.241
11.342
9.172
9.293
13.701
13.827
13.31
11.596
11.476
18.696
10.481
12.545
15.641
10.56
7.332
8.557
15.653
11.717
14
9.099
12.948
11.271
8.146
10.25
12.324
13.826
8.51
7.249
14.109
9.605
13.578
21.266
9.047
12.22
10.487
13.942
10.706
10.744
7.419
8.211
13.324
8.695
9.783
13.419
7.087
18.02
9.599
12.245
16.553
9.432
10.935
8.697
16.302
9.442
12.409
6.541
8.604
13.206
13.289
11.347
10.209
4.444
11.364
14.675
11.78
18.017
12.438
10.789
15.515
10.721
12.829
11.622
9.714
8.505
17.817
17.317
10.41
16.985
11.097
13.248
11.816
9.495
11.097
12.044
5.585
17.112
8.363
12.159
12.82
12.428
16.135
10.091
13.52
6.863
15.085
11.91
15.386
9.903
15.754
8.203
5.735
12.053
15.021
9.065
19.882
6.598
14.669
6.197
5.476
13.307
11.104
13.499
13.569
14.245
16.687
14.481
14.043
13.305
13.234
10.927
8.876
17.211
16.092
12.076
10.303
19.658
14.304
10.201
9.765
9.832
11.814
18.752
10.45
7.55
5.085
8.266
8.295
7.204
12.828
11.724
8.119
6.652
14.476
14.229
10.678
13.172
8.709
8.429
18.315
9.661
