5965.09
6305.49
6188.98
6651.06
6582.24
5917.84
6984.08
7100.15
6042.64
6320.42
6476.28
5990.65
6385.05
6359.92
6649.59
6715.54
6163.05
6812.22
5456.05
6105.38
6269.44
5470.7
6163.7
6003.65
6745.36
6846.96
6524.83
6678.42
6662.26
6516.08
5674.6
6194.61
5688.19
5952.82
7133.3
5772.4
6206.07
6320.81
6519.31
5511.53
6237.82
5658.8
5913.33
6437.59
6395.53
6650.27
6921.08
5871.67
6377.03
6125.35
5894.2
5662.51
7185.59
6785.6
7046.74
5911.03
6273.86
5765.24
6410.27
6168.93
6052.61
6449.05
5141.36
6108.82
7197.56
6433.08
6284.47
6671
6970.6
5670.16
6070.32
6667.81
5526.23
6412.3
6318.06
6668.75
6346.05
5950.27
6193.52
6579.32
5425.95
5981.19
6827.56
6521.54
5950.56
6490.43
7784.71
6558.81
6526.4
5049.14
6853.73
6522.67
6026.04
7188.87
6820.01
6696.51
6367.28
6541.9
6470.85
6208.37
6670.88
6493.34
6153.71
6188.19
6399.37
7042.45
7411.99
5950.74
6490.35
5718.91
6323.02
6183.42
6807.88
6224.81
6122.27
6293.8
5933.43
5870.46
6310.51
6495.22
5592.37
6442.62
6904.37
6047.12
6254.78
6881.78
5753.92
5396.48
6097.07
7107.84
6306.07
6753.43
6267.89
6656.17
6922.84
5737.18
5109.82
6106.67
6336.14
5970.35
5848.61
5723.48
6397.22
6810.56
6688.24
6786.13
7098.53
6805.25
6716.84
6484.86
6673.04
6263.17
6106.68
6651.36
5768.14
6242.12
6725.06
5915.36
5777.2
6554.52
5954.22
6673.31
6401.3
5230.83
6952.7
6224.04
6887.69
6973.5
7240.42
6210.14
6212.56
6859.1
7015.8
7057.91
5566
6028.1
6758.31
6132.62
6091.64
7029.24
6917.72
6641.75
7053.6
7161.62
6462.77
6249.22
6117.16
6904.91
6359.39
6183.06
6097.22
7348.42
6526.14
6409.07
6568.72
6106.06
5610.39
6918.48
7362.79
6259.07
6500.24
6448.74
6595.46
5998.42
6105.9
6310.01
6279.74
6757.59
6073.25
5994.31
5818.18
6849.75
6580.64
5990.38
5555.59
6023.81
6324.86
7517.75
6161.67
6339.48
7025.96
5922.42
6581.56
6280.88
6338.33
6717.5
6963.28
5971.73
5564.68
6434.72
7174.12
6296.08
5950.42
5788.42
6493.6
6439.24
6913.99
6907.28
7141.62
6305.58
6073.26
5919.24
6251.19
6353.82
5936.18
7033.18
6629.25
6739.46
6496.57
5288.35
6641.68
5275.65
6398.87
6068.2
6017.47
6744.16
6601.75
6531.83
6017.54
6508.55
7019.99
6924.45
6170.12
5353.98
6512.84
5597.86
6233.53
6778.1
5621.78
6889.45
6598.77
6781.16
6062.96
5522.25
6160.28
6629.32
6020.42
6548.19
6525.84
6004.96
6365.25
6881.14
6554.33
6606.94
6999.1
6172.58
6677.94
6039.35
5751.63
6228.49
6577.84
6159.17
6500.96
5892.01
6949.33
6607.23
5873.73
5997.68
6652.15
6031.78
6248
6195.61
5840.07
5424.63
6500.28
6282
6311.65
6109.66
6358.99
5758.3
6688.47
6964.89
6847.65
6739.42
5691.3
6534.46
6135.06
5608.55
6829.43
