5288.35
6442.62
6073.25
6437.59
6500.24
6161.67
6353.82
5230.83
7141.62
6758.31
6097.22
6052.61
6807.88
5555.59
6412.3
5658.8
6194.61
6493.6
6521.54
6999.1
7240.42
6248
6558.81
6020.42
5990.38
6881.14
6541.9
6847.65
5990.65
6667.81
6377.03
6579.32
6922.84
7042.45
6170.12
6601.75
5965.09
6293.8
6548.19
5566
5952.82
6409.07
5718.91
6296.08
6183.42
6279.74
6062.96
7025.96
6606.94
6210.14
6168.93
7411.99
6820.01
5662.51
6827.56
6786.13
6323.02
6496.57
6106.68
5892.01
6668.75
6678.42
6135.06
6251.19
6476.28
6320.81
6125.35
5424.63
6068.2
5425.95
6249.22
6973.5
6395.53
6310.01
6917.72
6490.35
7133.3
6673.04
7161.62
6641.68
6320.42
6970.6
5688.19
6434.72
6105.9
6904.37
6629.32
6921.08
6401.3
5753.92
5275.65
6662.26
6311.65
6656.17
7033.18
6047.12
6781.16
6109.66
6267.89
6449.05
6490.43
6629.25
7362.79
6188.19
7517.75
5141.36
6470.85
5470.7
6581.56
6673.31
6716.84
6717.5
6042.64
5997.68
5917.84
6193.52
6526.14
5723.48
6516.08
6228.49
6039.35
6526.4
6810.56
6696.51
5871.67
6280.88
6070.32
6153.71
6105.38
6949.33
6206.07
6500.96
6580.64
6984.08
6324.86
6677.94
6237.82
6785.6
6132.62
6849.75
5919.24
5915.36
7100.15
6284.47
5936.18
5954.22
6233.53
5998.42
5670.16
6462.77
6448.74
6338.33
6649.59
6650.27
5610.39
7046.74
5981.19
6519.31
6651.36
6399.37
6522.67
6254.78
5592.37
6670.88
6183.06
6554.52
6004.96
6310.51
6577.84
6904.91
6031.78
7784.71
6963.28
6224.04
5396.48
5971.73
6433.08
6028.1
6172.58
6887.69
5788.42
6385.05
6739.46
6122.27
6688.24
6913.99
6554.33
5751.63
6846.96
6017.54
6017.47
5621.78
6410.27
6493.34
5765.24
6023.81
6159.17
6026.04
7029.24
7174.12
6829.43
6117.16
6359.39
6500.28
6305.49
5049.14
6524.83
5608.55
6224.81
6812.22
6924.45
6160.28
5526.23
5870.46
5950.74
6641.75
6495.22
6273.86
6512.84
6398.87
5768.14
6853.73
6508.55
5758.3
5894.2
6881.78
5109.82
5511.53
6208.37
6671
5737.18
6598.77
6336.14
7053.6
6108.82
5522.25
6918.48
6242.12
5691.3
5848.61
6534.46
7197.56
5911.03
6195.61
5913.33
6744.16
6568.72
5456.05
6259.07
6907.28
6739.42
7098.53
6097.07
6525.84
5353.98
5674.6
6531.83
5994.31
5950.27
5950.42
6964.89
6269.44
5772.4
6652.15
6778.1
5933.43
6305.58
6757.59
7057.91
6163.05
5873.73
6651.06
6484.86
6952.7
6263.17
6073.26
6805.25
6725.06
5922.42
6607.23
6367.28
7185.59
6688.47
6359.92
7188.87
7019.99
5950.56
6595.46
6753.43
6091.64
6003.65
7015.8
7348.42
5818.18
5597.86
6106.67
7107.84
6365.25
6188.98
6282
5970.35
6358.99
6745.36
5564.68
6318.06
5840.07
6582.24
6106.06
6306.07
6339.48
6212.56
6859.1
6163.7
5777.2
6889.45
6439.24
6397.22
6346.05
6715.54
