218861.153560	17649.223766
218876.708635	17663.873657
-47636346740.808861	0.000000
218829.273806	18332.517475
218889.429231	17880.619294
219453.222375	18657.752424
218843.658893	17698.728588
200253.775432	0.000000
-456805926.739906	0.000000
217521.349448	17514.372948
218876.404440	17659.182530
218938.940926	17675.084990
218884.038458	17989.125655
218835.872964	17881.496435
219083.561014	17671.932228
220624.579609	20545.478685
-511432867.037330	0.000000
216828.236923	17855.159931
219668.334824	19954.079825
218844.352492	17761.627587
218870.113132	17680.088935
218891.183704	17914.768289
218871.103899	17788.517050
218835.888102	18528.433699
217813.598393	17716.602011
218851.822865	17987.675868
218895.489636	18002.537815
-272086044.529129	0.000000
218869.046946	17856.871992
217041.483081	17732.659850
218875.514990	18066.084523
218868.762316	18310.191073
218869.739321	18366.001439
217344.263337	17585.323690
-879827032.074895	0.000000
-1040294173.376984	0.000000
-27211942716.661900	0.000000
217009.712321	17749.997256
197757.687459	0.000000
-67018746277.565239	0.000000
220074.426315	17993.937969
207855.906280	0.000000
218857.754819	18022.573266
219137.661924	20246.874130
192591.128243	0.000000
218347.121044	17840.649099
218865.539123	18136.525579
218861.027017	17921.023012
218865.202787	17749.086946
200423.588344	0.000000
218963.346332	20127.193610
218835.866411	17677.740878
219099.398157	17887.333640
219105.282319	19088.796687
218866.841835	17793.255954
218831.985572	17697.059150
-75887604590.270035	0.000000
218917.926934	17765.889886
218885.657913	18031.028448
219014.960150	17743.802080
-167169411.776166	0.000000
218835.868311	17731.901525
218894.766009	17987.411653
219069.599454	17944.185275
218828.508017	18565.952019
-105268023.937897	0.000000
218840.255342	17789.428117
-33998748383.425983	0.000000
218858.385720	18061.404535
218880.084907	17715.944748
219201.940129	17780.193858
-85492982092.546692	0.000000
217476.647171	17531.518113
218952.778898	17686.990870
218835.910535	19892.611024
216323.095481	17754.568127
217060.269478	17930.128962
-455646201.145402	0.000000
218876.131565	17918.484252
218898.067488	17653.199792
216460.050946	18053.744765
218877.305836	17672.934239
218943.969060	17809.176045
218914.996371	17831.753133
218835.868103	17725.791622
218875.596045	17789.785557
218879.524054	17706.790534
218881.763400	18082.723147
-2690265519.366622	0.000000
219125.836029	17947.000362
218866.431723	17781.634707
218882.593285	18333.825690
218875.582752	17647.548535
218842.465899	18319.545962
218927.716310	17652.947548
218892.570863	17942.447899
-1021866874.544533	0.000000
218849.165588	18334.800653
219145.909444	18278.174877
29477.858483	0.000000
-1331587572.481749	0.000000
218965.866922	17762.281867
218880.419641	17899.629376
218835.900402	19221.153881
219607.355543	18495.795172
218871.323445	23428.154567
217612.078019	17581.927261
-2634411812.005613	0.000000
219106.842005	17679.328062
218967.476242	18124.039322
218835.865039	17652.302583
219126.957055	18076.650364
217087.709075	17473.634156
-3292930561.879778	0.000000
218848.591111	17760.806386
216459.491379	17697.606393
218865.852693	17766.433475
217352.129703	17581.893372
219127.710217	17875.709322
218835.872284	17858.134524
216471.992758	18541.543076
217128.515590	17686.960542
217005.047146	17744.533507
218835.865402	17650.665359
218831.180334	17853.855369
218843.622017	17695.527653
218944.186379	17810.966640
218957.708175	17837.681082
218907.842135	18289.302559
219687.150108	18914.432351
-6468344157.087039	0.000000
219110.744583	18029.745676
-69492504.411799	0.000000
161636.282705	0.000000
218846.537936	17992.417920
202261.554198	0.000000
218855.068804	17687.731104
218896.987482	18034.322895
-77013832.455728	0.000000
219084.533429	17891.080510
218849.200935	17799.841406
218857.011649	17757.280201
218851.347659	18669.387851
219122.995912	18583.464235
216625.773464	17613.669092
217748.366432	17708.981344
219789.927777	18226.128689
-15732668427.522366	0.000000
218924.132617	18109.699312
218835.879114	18115.459390
216883.189411	17813.181462
-1077309947.668234	0.000000
218907.491855	21496.804375
-137111817541.328735	0.000000
-519752629.633177	0.000000
218936.597804	18644.097027
218835.864912	17637.942481
218881.613438	17928.502218
217106.915157	17468.789233
218895.147172	17815.819794
218867.515504	18241.097106
210321.904512	0.000000
-58826185.162002	0.000000
223330.441746	21899.973868
206439.956160	0.000000
218865.177143	17748.409611
-97274847.777550	0.000000
218829.273806	18332.517475
219145.907027	17900.814694
218907.274089	17745.296334
217676.688979	17550.485728
-272086044.776771	0.000000
-1182563005.817342	0.000000
-321604045.618150	0.000000
182743.022417	0.000000
219064.811040	17975.816716
217448.185858	17542.497216
-15234057448.404858	0.000000
207838.176125	0.000000
-2182861.495443	0.000000
218835.872026	17849.429043
218897.381225	18042.785026
-130805464.168994	0.000000
209681.902821	0.000000
218897.434079	17851.241648
219263.745645	18850.896670
219143.642316	17893.358583
218922.130203	18679.801913
218847.804494	18149.114938
218844.231957	17750.326552
-1167429966.504986	0.000000
218884.369879	18407.195922
218851.709059	18729.053190
218846.080542	17940.243589
216372.645329	17709.336059
218930.559214	17897.779690
216349.439361	18133.019500
218876.725420	17664.129879
219181.969631	17778.158626
218891.166819	17914.434989
218865.813402	17765.374755
-228934929.523352	0.000000
-212227302.235309	0.000000
216722.802078	17600.485878
208181.343199	0.000000
-319512302.868746	0.000000
218930.096087	18109.519740
219117.472382	19714.718408
218888.502415	17862.986337
217078.640892	17712.820802
217376.102595	17571.414102
121636.059892	0.000000
217266.004403	17597.163091
-13483260258.752115	0.000000
-439669194.997314	0.000000
218853.708155	19080.057009
217234.066559	17634.619742
217749.559235	17767.114039
218892.660368	17944.253768
-251186857.426314	0.000000
219139.547897	17755.161958
219542.471212	17873.011149
218869.783041	17878.932155
218835.879766	18142.605684
218835.865076	17642.166846
218997.483455	18242.894986
219243.913139	18525.592744
219856.630190	19565.976499
219020.157029	21345.366806
218887.240986	18530.868020
218859.859384	17870.675267
-676793284.518014	0.000000
218909.933061	18342.554488
218877.697826	17678.885194
218835.877043	18052.419418
-243584011.950679	0.000000
218949.413806	17884.445716
218835.865009	17640.433453
-86480109.772066	0.000000
218835.866297	17674.636204
219442.667087	18090.829838
218839.448994	17646.560936
165494.506631	0.000000
216809.322262	17866.703659
218839.870087	17717.757008
-1920273253.150127	0.000000
219187.072977	17758.646991
216460.055171	17697.378132
215997.400081	17907.282029
216421.329961	18135.017422
219549.763329	18849.592340
217896.259192	17590.678758
216813.914524	17863.890821
215416.231076	18187.079639
218906.920166	18010.730292
218842.512490	18332.796351
217249.479448	17627.957866
219023.635884	17670.187398
218893.880759	17969.110928
218900.708447	17904.051974
174055.709270	0.000000
216742.021836	17580.342715
218847.146905	18065.944379
192172.359384	0.000000
218914.845593	18472.975861
218851.019810	17927.030151
218904.882832	18216.272601
-1117644006.029377	0.000000
218835.878704	18098.592299
218835.865196	17645.285052
218885.709588	18032.384112
219006.272451	17677.996398
219009.348849	18019.848738
217339.392639	17587.451447
218873.840356	17753.211878
218869.492142	17870.160046
218848.892457	17779.390119
220387.171536	18208.438845
218898.501384	17741.881313
-4778782034.166961	0.000000
219181.294950	17810.591400
218884.041279	18393.442107
219037.025416	19653.973670
218887.395235	17842.297842
218930.212853	18025.562052
-315279638.419668	0.000000
218835.878704	18098.592299
218831.315101	17825.770695
-487926670.645204	0.000000
218843.671344	17699.253807
216974.674829	17769.501573
218869.004475	17855.612998
218840.197063	17777.892568
-192809001.193053	0.000000
218917.233879	17858.364385
208895.075991	0.000000
218887.529362	17658.147644
218854.204197	17658.559855
-1944890408.525275	0.000000
218992.132549	17655.031487
-940548489.390551	0.000000
-55176925.504824	0.000000
219113.631199	17694.391594
-294424655.586382	0.000000
218870.452410	17899.380810
218831.857879	17720.572205
218937.382987	18128.610730
133952.304175	0.000000
218835.900793	19245.427297
219038.121747	17845.239356
218907.675143	18730.223258
