17.112
6.863
10.219
12.053
9.324
14.291
12.948
11.153
11.717
13.32
12.137
12.596
8.295
7.412
6.814
11.774
11.029
13.826
8.232
15.021
12.828
6.317
6.598
6.545
12.232
7.612
18.696
13.307
13.692
10.926
12.076
9.605
11.828
14.488
8.697
11.622
7.483
11.676
11.104
11.342
9.912
9.932
14.304
6.652
7.715
10.706
9.172
4.524
10.002
11.246
11.909
9.129
17.211
11.743
12.24
12.199
9.03
14.669
8.397
12.042
17.632
15.515
25.71
11.724
7.204
9.881
9
10.487
13.982
11.62
7.757
13.775
14.395
5.54
9.328
12.409
6.731
9.832
10.209
10.744
11.312
15.386
9.661
18.752
10.132
8.119
13.942
16.35
10.481
15.782
14.47
5.735
13.569
8.659
16.518
17.349
8.429
12.044
14.29
9.099
11.596
5.476
8.695
10.091
18.616
11.523
8.211
10.721
16.687
11.097
12.268
9.783
10.45
13.248
16.121
8.646
12.317
12.552
7.332
11.347
9.146
12.245
13.298
6.817
7.98
11.476
16.797
12.354
14.481
6.939
9.293
11.476
7.744
18.554
16.135
15.641
21.266
7.55
7.249
11.814
13.52
10.303
9.37
11.637
13.59
8.696
10.25
13.305
8.709
13.578
18.017
4.73
7.419
12.315
21.029
14.105
9.495
21.672
8.557
16.092
9.442
15.525
13.313
11.115
17.341
14.245
4.485
10.678
8.505
21.223
14.476
10.207
14
11.097
14.109
13.206
15.076
9.918
8.267
10.224
9.507
8.574
8.876
10.55
8.203
17.931
13.701
9.235
8.749
9.199
4.444
13.324
17.317
19.882
12.133
18.02
16.553
9.047
13.694
10.935
11.816
12.82
9.286
8.146
8.439
8.266
8.193
10.153
4.582
10.293
13.172
13.889
5.585
9.306
10.789
10.623
11.271
13.241
9.152
8.97
6.197
10.347
13.31
9.599
10.782
13.937
8.363
12.36
11.316
7.855
19.658
9.065
14.675
16.558
9.406
9.432
13.234
17.332
7.971
12.22
12.182
15.956
16.985
13.499
9.874
8.272
12.829
12.545
13.688
17.701
13.838
6.891
15.127
11.364
9.903
15.978
15.653
18.315
15.782
12.864
17.817
11.648
13.827
11.781
9.144
9.714
12.159
9.765
16.396
11.35
10.773
6.541
10.927
7.499
6.55
15.754
6.873
6.957
18.766
9.671
10.56
11.78
15.085
8.604
14.858
13.419
8.51
12.293
11.596
11.78
10.95
19.478
10.603
10.201
13.244
16.446
10.872
9.391
16.302
13.139
12.438
12.428
10.41
5.085
13.289
9.806
14.229
13.367
14.043
9.651
11.966
12.324
16.682
12.201
17.805
5.895
7.087
11.91
9.778
