	M122	ND20448	FEG141-20	FEG153-58	FEG154-47	FEG175-57	6B04-0290	6B05-0922	ND25652	ND25728	6B01-2218	6B03-4304	6B03-4478	FEG183-52	6B06-1132	ND24906	ND25160	ND25986	ND26036	ND26104
12_31491	0	1	1	0	0	0	0	0	0	0	0	0	0	0	0	0	0	0	1	0
11_10460	1	0	NA	NA	0	0	0	0	0	0	0	0	0	0	0	0	0	0	0	0
12_10636	0	1	NA	0	NA	NA	NA	NA	NA	NA	NA	NA	NA	NA	NA	NA	NA	NA	NA	NA
11_21174	1	0	NA	1	0	0	0	0	0	0	0	0	0	0	0	0	0	0	0	0
12_30951	1	0	0	1	0	0	0	0	0	0	0	0	0	0	0	0	0	0	0	0
12_30948	0	0	0	0	0	0	0	0	0	0	1	0	0	0	0	0	0	0	0	0
11_10030	0	1	NA	0	0	0	0	1	1	1	0	1	0	0	0	1	1	0	1	1
11_20712	0	1	0	0	0	0	0	1	1	0	0	1	0	0	0	1	1	0	1	0
11_10186	0	1	NA	0	0	0	0	1	1	0	0	1	0	0	0	0	1	0	1	0
11_10744	1	0	NA	1	1	0	0	0	0	0	1	0	1	0	0	0	0	0	0	1
11_21048	1	0	NA	1	1	0	0	0	0	1	1	0	1	0	0	0	1	0	0	1
11_10760	0	0	0	0	0	0	0	0	0	1	0	0	0	0	0	0	0	0	0	0
12_11498	0	0	0	0	0	0	0	0	0	0	0	0	0	0	0	0	0	0	0	1
11_10526	0	0	NA	0	0	0	0	0	0	1	1	0	0	0	0	0	0	0	0	0
12_30043	0	0	0	0	0	0	0	0	0	1	1	0	0	0	0	0	0	0	0	1
12_10506	0	1	NA	NA	NA	NA	NA	NA	NA	NA	NA	NA	NA	NA	NA	NA	NA	NA	NA	NA
11_11484	0	1	NA	0	0	0	0	1	1	1	0	0	0	0	0	1	0	1	1	0
11_10075	0	0	NA	0	0	0	0	0	0	1	1	0	0	0	0	0	1	0	0	1
11_20810	0	1	NA	0	0	0	0	1	1	0	1	0	0	0	0	1	1	1	1	0
11_21217	0	1	0	0	0	0	0	1	1	1	1	0	0	0	0	1	1	1	1	1
11_10552	0	0	NA	0	0	0	0	0	0	1	0	0	0	0	0	0	0	0	0	0
11_20642	1	0	NA	1	1	1	1	0	0	0	0	1	1	1	1	0	0	0	0	0
12_10960	0	0	1	0	1	0	1	0	0	0	0	1	1	1	1	0	1	0	0	1
12_30298	0	1	0	0	0	0	0	1	1	1	0	0	0	0	0	1	0	1	1	0
12_30742	1	0	0	1	0	1	0	0	0	0	1	0	0	0	0	0	0	0	0	0
11_10279	0	1	NA	0	0	0	0	0	1	1	0	0	0	0	0	1	1	1	1	0
11_10686	0	0	NA	0	0	0	0	0	0	0	1	0	0	0	0	0	0	0	0	0
11_21126	1	1	NA	0	0	0	0	0	1	1	0	0	1	0	0	1	1	1	1	0
11_20657	0	1	NA	0	0	0	0	0	1	1	0	0	0	0	0	1	0	1	1	0
12_11173	0	0	0	0	0	0	0	0	0	0	0	0	1	0	0	0	0	0	0	0
11_20220	0	0	NA	0	0	0	0	0	0	0	1	0	1	0	0	0	0	0	0	0
11_20021	1	0	NA	0	0	1	0	0	0	0	0	0	0	0	0	0	0	0	0	0
12_10905	1	0	0	0	0	1	0	0	0	0	0	0	0	0	0	0	0	0	0	0
11_21038	1	0	NA	0	1	1	0	0	0	0	0	0	0	0	0	0	0	0	0	0
11_10586	0	0	0	0	0	0	0	0	0	0	0	0	1	0	0	0	0	0	0	0
11_10722	0	0	NA	0	0	0	0	0	0	0	0	0	1	1	0	0	0	0	0	0
12_31377	1	0	0	0	1	1	0	0	0	0	0	0	0	1	0	0	0	0	0	0
11_11038	0	0	NA	0	0	0	0	0	0	0	0	0	1	1	0	0	0	0	0	0
12_30277	1	0	1	1	1	1	0	0	0	0	0	0	1	1	1	0	0	0	0	0
12_11496	1	0	1	1	0	0	0	0	0	0	0	0	0	0	0	0	0	0	0	0
11_20594	0	0	0	0	0	0	NA	0	0	0	1	NA	0	0	0	0	0	0	0	0
11_20840	NA	NA	NA	NA	NA	NA	0	NA	NA	NA	1	0	NA	NA	NA	NA	NA	NA	NA	NA
12_31224	1	0	1	1	0	0	0	0	0	1	0	0	0	0	0	0	0	0	1	0
11_10326	1	0	0	1	1	0	1	0	0	1	0	0	0	0	0	0	0	0	1	0
11_21377	1	0	0	1	0	0	0	0	0	0	0	0	0	0	0	0	1	0	0	0
12_30155	1	0	1	1	0	0	0	0	0	0	0	0	0	0	0	0	0	0	0	0
11_11040	NA	0	0	0	0	0	0	0	0	0	0	0	0	0	0	1	0	0	0	1
11_21265	0	0	0	0	0	0	0	0	0	0	0	0	0	0	0	0	0	0	0	1
11_10307	NA	1	NA	0	0	0	0	0	0	0	0	0	1	0	0	0	0	0	0	0
11_20864	0	0	1	0	0	0	0	0	1	1	0	0	0	0	0	0	0	0	0	1
11_21304	0	0	NA	0	0	0	0	0	1	1	0	0	0	0	0	0	0	0	0	0
11_10525	0	0	1	0	0	0	0	0	0	0	0	0	0	0	0	0	0	0	0	0
11_21338	0	0	NA	0	0	0	0	0	0	0	0	0	0	0	0	0	0	0	0	0
12_30604	0	1	1	0	1	0	0	0	1	0	0	1	0	0	0	1	0	0	1	0
11_10638	1	0	NA	1	0	0	0	0	0	0	0	0	0	0	0	0	0	0	0	0
12_31474	0	1	1	0	0	0	0	0	1	0	0	1	0	0	0	1	0	0	1	0
12_11272	1	1	1	1	1	0	0	0	1	0	0	1	0	0	0	1	0	0	1	0
12_10485	0	1	0	0	0	0	0	0	1	0	0	0	0	0	0	1	0	0	1	0
11_20690	0	1	NA	0	1	0	0	1	1	0	0	0	0	0	0	1	0	0	1	0
11_20528	0	0	NA	0	1	0	0	1	1	0	0	0	0	0	0	1	0	0	0	0
12_10650	0	1	0	0	1	0	0	1	1	1	0	0	0	0	0	1	0	0	1	1
11_20734	0	1	NA	1	1	0	0	1	0	0	0	0	0	0	0	0	0	0	1	1
12_30178	1	1	1	1	1	1	0	1	0	0	0	0	0	1	0	0	0	0	1	1
12_20489	0	0	0	0	0	0	1	0	1	1	1	1	1	0	1	1	0	0	0	0
12_10859	0	1	0	0	0	0	0	0	0	0	0	0	0	0	0	0	0	0	1	1
12_30900	0	1	0	0	0	0	0	0	1	0	0	0	0	0	0	0	1	1	0	1
11_10214	0	1	NA	0	0	0	1	0	1	0	0	0	0	0	0	0	1	1	1	1
11_10398	0	0	0	0	0	0	0	0	0	0	1	0	0	0	0	0	0	0	0	0
11_10900	0	0	NA	0	0	0	0	0	0	0	1	0	0	0	0	0	0	0	0	0
11_20182	0	1	NA	0	0	0	0	0	0	0	0	0	0	0	0	0	0	0	1	0
12_31095	0	0	0	0	0	0	1	1	1	1	0	1	0	0	0	0	1	1	0	1
11_21220	1	0	NA	1	0	1	0	0	0	0	0	0	1	0	0	1	0	0	0	0
11_10780	1	1	0	1	0	1	0	0	0	0	0	0	1	0	0	1	0	0	1	0
12_30636	0	1	0	0	1	0	0	0	0	0	1	0	0	1	1	0	0	0	1	0
11_21370	1	0	NA	1	1	1	0	0	0	0	1	0	1	1	1	0	0	0	1	0
11_10109	1	0	NA	1	1	1	0	0	0	0	1	0	1	1	1	0	0	0	1	0
11_10065	1	0	NA	1	1	1	0	0	0	0	1	0	1	1	1	0	0	0	0	0
11_20895	0	0	0	0	0	0	0	0	0	0	0	1	0	0	0	1	0	0	1	0
12_30396	0	0	0	0	0	0	1	0	0	0	0	1	0	0	0	1	1	0	1	0
11_20590	0	1	NA	0	0	0	1	0	1	1	0	0	0	0	0	0	1	1	1	1
11_10551	0	1	NA	0	0	0	1	0	1	1	0	0	0	0	0	0	1	1	0	1
12_10447	0	1	1	0	0	0	0	1	0	1	0	0	0	0	1	0	0	1	0	1
11_21250	0	1	NA	0	0	0	0	1	1	1	0	0	0	0	1	0	1	1	1	1
11_11380	0	1	NA	0	0	0	0	1	0	1	0	0	0	0	1	0	0	1	0	1
12_10181	1	0	0	1	1	1	1	0	0	0	1	1	1	1	0	1	0	0	0	0
11_20293	0	1	1	0	0	0	0	1	0	1	0	0	0	0	1	0	0	1	1	1
11_21453	0	0	NA	0	0	0	0	0	0	0	0	0	0	0	0	0	0	0	1	0
12_30102	0	1	0	0	0	0	0	0	0	0	0	0	0	0	1	0	0	0	0	0
11_20159	0	0	NA	0	0	0	1	1	1	1	0	0	0	0	0	0	1	0	0	0
11_20252	0	1	NA	0	0	0	1	1	0	0	1	0	0	0	0	0	1	0	0	0
11_20595	0	1	0	0	0	0	0	0	1	1	0	0	0	0	0	0	0	0	0	1
12_10571	0	1	0	0	0	0	0	0	0	0	0	0	0	0	0	0	0	0	0	0
11_20742	1	1	NA	1	0	0	0	0	1	NA	1	0	0	0	0	0	0	0	0	1
12_30920	0	0	0	0	0	0	0	0	1	NA	1	0	0	0	0	0	0	0	0	1
11_20968	NA	0	NA	NA	0	NA	0	NA	0	0	NA	0	0	1	0	0	1	0	0	1
12_30571	0	0	0	0	0	0	0	0	0	0	0	0	0	0	0	0	1	0	0	0
11_11086	0	0	0	0	0	0	0	0	0	0	0	0	0	0	0	0	0	0	0	1
11_10926	0	0	NA	0	0	0	0	0	0	0	0	0	0	0	0	0	0	0	0	1
11_11391	0	0	NA	0	0	0	0	0	0	0	0	0	0	0	0	0	1	0	0	1
12_30788	0	1	0	0	0	0	0	0	0	0	0	0	0	0	0	1	0	1	1	0
11_20521	0	0	1	0	0	0	0	0	0	0	0	0	0	0	0	0	1	0	0	1
11_10253	0	0	NA	0	0	0	0	0	0	0	0	0	0	0	0	0	0	0	0	0
12_30223	0	1	0	0	0	0	0	0	0	0	0	0	0	0	0	1	1	0	1	0
11_20944	0	1	NA	0	0	0	0	0	1	1	0	0	0	0	1	1	1	1	1	0
12_30084	0	0	0	0	0	0	0	0	0	0	0	0	0	0	0	0	0	0	1	0
11_11141	0	0	NA	0	0	0	0	0	0	0	0	0	0	0	0	0	0	0	1	0
12_10122	1	0	0	1	1	1	0	0	0	0	0	0	0	0	0	0	0	0	0	0
12_11154	0	0	0	0	0	0	0	0	0	0	0	0	0	0	0	0	0	0	1	0
11_20851	0	1	0	0	0	0	0	0	1	NA	0	0	0	0	0	1	0	1	1	0
11_10631	0	1	NA	0	0	0	0	0	1	NA	0	0	0	0	0	1	0	1	0	0
11_21266	0	0	NA	0	0	0	0	0	1	0	0	0	0	0	0	0	0	1	0	0
11_21272	0	0	0	0	0	0	0	0	NA	0	1	0	0	0	0	0	0	NA	0	0
12_21376	0	0	0	0	0	0	0	0	0	0	0	0	0	0	0	0	1	0	0	0
12_30921	0	0	0	0	0	0	0	0	1	0	0	0	0	0	0	0	1	1	0	0
12_30767	0	0	0	0	0	0	0	0	1	0	0	1	1	0	0	0	0	1	0	0
11_20605	0	0	1	0	0	0	0	0	1	0	0	1	1	0	0	0	0	1	0	1
11_11516	0	0	NA	0	0	0	0	0	1	0	0	1	1	0	0	0	0	1	0	1
12_30055	0	0	0	0	0	0	0	0	0	0	0	1	0	0	0	0	0	0	0	0
11_10208	1	0	NA	1	1	0	0	0	0	0	0	0	0	0	0	0	0	0	0	0
12_31458	0	0	1	0	0	0	0	1	1	1	0	1	0	0	0	0	0	0	0	0
12_30540	1	0	0	1	1	0	0	0	0	0	0	0	0	0	0	0	0	0	0	0
11_10221	1	0	NA	1	1	0	0	0	0	0	0	0	0	0	0	0	0	0	0	0
11_20422	1	0	NA	1	1	1	0	0	0	0	0	0	0	0	0	0	0	0	0	0
11_21418	1	1	0	1	1	1	0	0	0	1	0	0	0	0	0	1	1	1	0	1
11_20777	1	0	NA	1	1	1	0	0	0	0	0	0	0	0	0	0	0	0	0	0
12_31313	0	0	0	0	0	0	0	0	0	0	0	0	0	0	0	1	0	0	0	0
11_21397	1	0	NA	1	1	1	0	0	0	0	0	0	0	0	0	0	0	0	0	0
12_10860	1	0	0	1	1	1	0	0	0	0	0	0	0	0	0	0	0	0	0	0
11_20012	1	0	NA	1	1	1	0	0	0	0	0	0	0	0	0	0	0	0	0	0
11_20114	0	0	NA	0	0	0	1	0	1	1	0	1	0	0	0	0	1	0	1	1
11_10793	0	0	NA	0	0	0	1	0	1	1	0	1	0	0	0	0	0	0	0	0
11_11405	0	0	0	0	0	0	1	0	1	1	0	1	0	0	0	0	0	0	0	0
12_30605	0	0	0	0	0	0	1	0	0	1	0	1	0	0	0	0	1	0	0	0
11_11114	0	0	1	0	0	0	1	0	0	1	0	1	0	0	0	0	1	0	0	0
11_11244	0	0	NA	0	0	0	0	0	0	0	0	0	0	0	0	0	1	0	0	0
11_10639	0	0	0	1	0	1	1	0	1	1	0	1	0	0	0	0	0	0	1	0
12_30755	0	0	1	1	0	1	1	0	0	0	0	1	0	0	0	0	0	0	1	0
12_31536	0	0	0	0	0	1	1	0	0	0	0	1	0	0	0	0	0	1	0	0
11_11513	0	0	NA	0	0	1	0	0	1	0	0	0	0	0	0	0	0	1	1	1
11_10467	0	1	NA	0	0	1	0	0	0	1	0	0	0	0	0	1	0	1	0	0
11_10309	0	0	NA	0	0	1	0	0	0	0	0	0	0	1	0	0	0	1	0	0
11_11004	0	1	NA	0	0	1	0	0	0	1	0	0	0	1	0	1	0	0	0	0
11_10523	0	1	NA	0	0	1	1	0	0	1	0	0	0	1	0	1	0	1	0	0
11_10724	0	1	NA	0	0	0	0	0	0	1	0	0	0	0	0	1	0	1	0	0
11_11213	1	0	NA	0	1	1	1	1	0	0	1	1	1	0	1	0	0	0	0	0
11_20765	0	0	1	0	0	0	0	0	1	0	0	0	0	0	0	1	1	0	0	0
11_20358	0	0	NA	1	0	0	0	0	1	0	0	0	0	1	0	1	1	0	0	0
11_10588	0	1	NA	0	0	0	0	0	0	0	0	0	0	0	0	0	0	0	0	0
11_20384	0	0	NA	0	0	0	0	0	0	0	0	0	0	0	0	0	0	0	0	0
12_30117	0	1	0	0	0	0	0	0	0	1	0	0	0	0	0	1	0	1	1	1
11_20119	0	0	NA	0	0	0	0	0	1	1	0	0	0	0	0	1	0	1	1	1
11_20454	0	1	NA	0	0	0	0	0	0	0	1	0	0	0	0	0	1	0	0	0
12_30988	0	1	0	0	0	0	0	1	0	0	0	0	0	0	0	0	0	0	0	0
11_20974	0	1	NA	0	0	0	0	1	0	0	1	0	0	0	0	0	1	0	0	0
12_31138	1	0	1	1	1	0	0	0	1	1	1	0	1	1	0	0	0	0	0	0
12_30006	0	0	0	0	0	0	1	1	1	0	1	0	0	0	0	1	1	1	0	0
11_20894	NA	0	NA	0	0	0	0	NA	0	0	1	0	0	0	0	0	0	0	0	0
11_20226	NA	NA	0	0	0	0	0	NA	NA	NA	1	0	0	0	0	NA	0	NA	NA	0
12_30976	0	0	0	1	1	1	1	0	0	0	0	1	0	1	1	0	1	0	0	1
12_30979	0	0	0	1	1	1	1	0	0	0	0	1	1	1	1	0	1	0	0	1
11_20206	0	0	NA	0	0	0	1	0	0	0	1	1	1	0	0	0	1	0	0	1
11_21202	1	0	0	0	0	0	0	1	1	0	0	0	0	0	0	0	0	0	0	0
11_11381	1	0	NA	1	1	1	0	1	0	0	0	0	1	1	1	0	0	0	0	0
11_20533	0	0	NA	1	1	1	0	0	0	0	0	0	1	1	0	0	0	0	0	0
12_31094	0	0	0	1	1	1	0	0	0	0	0	0	1	1	0	0	0	0	0	0
11_10974	0	1	NA	0	0	0	0	0	1	0	1	0	0	0	0	1	1	0	0	0
11_21426	1	0	NA	0	0	1	0	0	0	0	0	0	0	0	0	0	0	0	0	0
11_11048	0	1	NA	0	0	0	0	0	1	0	0	0	1	0	0	1	1	0	0	1
11_10688	0	1	NA	0	0	0	0	0	1	0	1	0	1	0	0	1	1	0	0	0
12_30410	0	0	0	0	0	0	0	1	0	0	0	0	0	0	0	0	0	0	1	0
11_20845	0	1	NA	0	0	0	0	0	1	1	1	0	1	0	0	1	1	1	0	1
11_20903	0	0	0	0	0	0	0	0	0	0	0	0	0	NA	0	0	0	0	1	0
11_20239	1	0	NA	1	1	1	0	0	0	0	0	0	0	1	0	0	0	0	NA	0
12_10079	1	0	0	1	1	1	0	0	0	0	0	0	0	1	0	0	0	0	0	0
11_20367	0	0	1	1	0	0	0	0	0	0	1	0	0	0	0	0	0	0	0	0
11_20236	0	1	NA	1	0	0	0	0	1	1	0	0	0	0	0	1	0	0	1	1
11_11355	0	1	NA	0	0	0	1	0	1	1	0	1	0	0	0	1	0	1	1	0
11_21480	0	1	0	0	0	0	1	0	1	1	0	1	0	0	0	1	1	1	1	0
11_11290	0	1	NA	0	0	0	1	0	1	1	0	1	1	0	0	1	0	1	1	0
11_10578	0	1	NA	0	0	0	1	0	1	1	0	1	1	0	0	1	0	1	1	0
11_20449	0	0	NA	0	0	0	0	0	0	0	1	0	0	0	1	0	1	1	0	1
11_11350	0	0	NA	0	0	0	0	0	0	0	0	0	0	0	1	0	0	0	0	0
11_20134	0	0	NA	0	0	0	0	0	0	0	0	0	0	0	0	1	0	0	0	0
12_30067	0	0	0	0	0	0	0	0	0	0	0	0	0	0	0	0	0	0	1	0
11_10705	0	1	NA	0	0	0	0	0	0	0	0	0	0	0	0	1	0	1	1	1
11_10783	0	1	NA	0	0	0	0	0	0	0	0	0	0	0	0	1	0	1	1	1
11_21241	0	1	NA	0	0	0	0	0	0	0	0	0	0	0	0	1	0	0	1	1
12_30929	0	0	0	0	0	0	0	0	0	0	0	0	0	0	0	0	0	0	1	0
12_30635	0	1	0	0	0	0	0	0	0	0	0	0	0	0	0	1	0	0	1	1
12_30833	0	0	0	0	0	0	0	0	0	0	0	0	0	0	0	0	0	0	1	0
12_30400	0	1	0	0	0	0	1	0	1	1	1	0	0	0	0	1	1	1	1	1
11_11490	0	1	NA	0	0	0	1	0	1	0	1	0	0	1	0	1	0	1	1	1
12_30759	0	0	0	0	0	0	0	0	0	0	0	0	0	1	0	1	1	0	0	0
11_20545	0	1	NA	0	0	0	0	0	1	1	1	0	0	0	0	0	1	1	1	1
12_31375	1	0	1	1	1	0	0	0	0	0	0	0	1	0	1	0	0	0	0	0
11_20646	1	0	0	1	1	1	1	0	0	0	0	0	1	0	1	0	1	1	0	0
12_30566	0	0	1	1	1	1	1	1	0	0	0	1	1	1	0	0	1	0	0	0
11_11216	0	0	NA	0	0	0	0	0	0	0	0	0	0	1	0	0	0	0	0	0
11_20686	0	0	0	0	0	0	1	1	0	0	0	1	0	0	0	0	0	0	0	0
11_10869	0	0	NA	1	1	0	0	0	0	0	0	0	1	1	0	0	0	0	0	0
11_10600	0	1	NA	0	0	0	0	1	0	1	0	1	1	0	0	1	0	1	1	1
12_11450	1	0	0	0	0	0	1	0	1	0	1	0	0	0	0	0	1	0	1	0
12_30494	1	1	0	1	0	0	0	0	0	1	1	0	NA	0	0	1	0	1	1	1
12_30577	1	1	0	1	0	0	0	1	0	1	1	0	0	0	0	1	0	0	1	1
12_31352	0	0	1	0	1	1	0	0	0	0	0	1	0	1	1	0	0	0	0	0
12_31292	0	1	1	0	0	0	0	1	0	0	1	0	0	1	1	1	0	0	1	0
11_10401	1	0	0	1	1	1	0	0	0	1	0	0	0	0	0	0	0	0	0	1
11_21052	0	0	NA	0	0	0	0	0	0	1	0	0	0	0	0	0	0	0	0	1
12_30382	0	0	0	0	0	0	0	0	0	0	0	0	1	0	0	0	0	0	0	0
12_10857	1	0	0	1	1	1	0	0	0	0	0	0	0	0	0	0	0	0	0	0
11_21521	0	0	NA	0	0	0	NA	0	0	0	1	0	0	0	0	0	NA	0	0	0
11_10669	0	0	NA	0	0	0	1	0	0	0	0	0	0	0	0	0	1	0	0	0
11_11479	0	0	NA	0	0	0	0	0	0	0	1	0	0	0	0	0	1	0	0	0
11_20415	0	0	NA	0	0	0	0	0	0	0	1	0	0	0	0	1	0	0	0	0
12_10554	1	0	0	0	0	1	0	0	0	0	1	0	0	0	0	1	0	0	0	0
11_21246	1	0	NA	1	1	1	1	1	0	0	0	1	1	0	1	0	0	0	0	0
11_10136	1	0	NA	1	1	1	1	1	0	0	0	1	1	0	1	0	0	0	0	0
11_10676	0	0	NA	0	0	0	0	0	0	0	1	0	0	1	0	0	0	0	0	0
12_31308	1	0	1	1	1	1	1	1	0	0	0	0	0	0	1	0	0	0	0	0
11_10994	1	0	0	0	0	1	0	0	0	0	1	1	1	1	0	0	1	0	0	0
11_10427	0	0	NA	0	0	0	0	0	0	0	0	1	1	1	1	0	0	0	0	0
12_30361	0	0	1	1	1	0	1	1	0	0	1	0	0	1	0	0	1	0	0	0
11_10129	0	0	NA	1	1	0	1	1	0	0	1	0	0	1	0	0	1	0	0	1
11_20936	0	1	NA	0	0	0	1	0	1	1	0	0	0	1	0	1	0	1	1	0
11_21281	0	0	NA	0	0	0	0	0	0	0	0	1	1	0	0	0	0	0	0	0
11_10539	1	0	1	1	1	0	0	1	0	0	0	1	1	0	1	0	0	0	0	1
12_30751	1	0	0	1	1	0	0	1	0	0	0	1	1	0	1	0	0	0	0	0
11_10003	0	0	NA	0	0	1	0	0	0	0	1	0	0	0	0	0	1	0	0	0
11_20656	0	0	NA	0	0	1	0	0	0	0	0	0	0	1	0	0	1	0	0	0
12_30144	0	0	0	0	0	0	1	0	0	0	0	0	0	0	0	0	0	0	0	1
11_11067	0	0	NA	0	0	1	1	0	0	0	0	0	0	0	0	0	0	0	0	0
11_10270	0	0	0	0	0	0	0	0	1	1	0	0	0	0	0	1	0	1	0	0
11_21069	1	0	NA	1	0	1	0	1	0	0	0	0	0	1	0	0	1	0	0	0
11_20904	0	0	NA	0	0	0	0	0	1	1	0	0	0	0	0	1	1	1	0	0
11_10040	0	0	NA	0	0	0	0	1	0	0	0	0	0	0	0	0	1	0	0	0
11_20714	1	0	NA	1	0	1	0	1	0	0	0	0	0	1	0	0	0	0	0	0
11_20673	1	0	NA	1	0	1	0	1	0	0	0	0	0	1	0	0	0	0	0	1
11_11349	1	0	NA	1	0	1	0	0	1	0	0	0	0	1	0	0	0	0	0	0
11_20889	1	0	NA	1	0	1	0	0	0	0	0	0	0	1	0	0	0	0	0	1
12_30940	1	0	0	1	0	1	0	0	1	1	0	0	0	1	0	0	0	0	0	1
11_11147	0	0	0	0	0	0	0	1	0	0	1	0	0	0	0	0	0	0	0	0
12_31235	1	0	1	1	1	1	1	0	0	0	0	0	1	1	1	0	0	0	0	0
11_20996	NA	0	1	0	0	0	0	0	0	0	1	0	0	0	0	1	0	0	1	1
11_20972	0	0	0	0	0	0	0	0	0	0	1	0	0	0	0	1	0	0	1	1
11_20355	0	1	NA	0	0	0	0	0	0	0	1	0	0	0	0	0	0	0	1	1
11_10239	0	1	NA	0	0	0	0	0	0	0	0	0	0	0	0	0	0	0	1	1
11_21455	0	0	NA	0	0	0	0	0	0	0	0	0	0	0	0	0	0	0	0	1
12_31126	0	0	1	0	1	0	0	0	0	0	0	0	0	1	0	0	0	0	0	0
11_11111	0	0	NA	0	0	0	NA	NA	NA	0	1	0	0	0	NA	0	NA	0	0	0
11_21112	NA	0	NA	NA	NA	NA	NA	NA	NA	0	1	0	0	0	NA	0	NA	0	0	0
12_30956	0	0	1	0	0	0	1	0	1	0	1	1	1	0	1	0	1	0	0	0
12_31350	0	0	0	0	0	0	1	1	0	0	0	0	0	0	0	0	0	0	0	0
12_11433	0	1	0	0	0	0	0	0	1	0	0	0	0	0	1	1	0	1	1	1
12_31450	1	0	0	1	1	1	0	0	0	NA	0	1	1	1	0	0	1	0	0	0
11_20245	0	1	NA	0	0	0	0	0	1	0	0	0	0	0	1	1	0	1	1	1
12_31285	1	NA	NA	NA	NA	NA	NA	NA	NA	NA	NA	0	NA	NA	NA	NA	NA	NA	NA	NA
11_20755	0	0	NA	0	0	0	0	0	0	0	0	1	0	0	0	0	0	0	0	0
11_10025	0	0	NA	0	0	0	1	0	0	0	0	1	1	0	1	0	1	0	0	0
12_30530	0	1	0	0	0	0	NA	0	0	NA	0	NA	NA	0	NA	0	NA	0	0	0
11_20192	NA	1	NA	0	NA	NA	0	NA	NA	NA	NA	0	0	NA	0	NA	NA	NA	NA	0
12_10218	0	0	0	0	0	0	1	0	0	0	0	1	1	0	1	0	1	0	0	1
12_10979	0	0	0	0	0	0	0	0	1	1	0	0	0	0	0	0	0	1	0	1
11_21491	0	1	NA	0	0	0	0	0	1	1	0	0	0	0	0	0	0	1	1	0
12_30528	0	0	0	0	0	0	0	0	1	1	0	0	0	0	0	0	0	1	0	0
12_10959	0	1	0	0	0	0	0	0	0	0	1	0	0	0	0	0	0	0	1	0
11_11014	0	1	NA	0	0	0	0	0	0	1	1	0	0	0	0	0	0	1	1	0
12_30880	0	1	0	0	0	0	0	0	0	0	1	0	0	0	0	0	0	0	1	0
12_10605	0	0	0	0	0	0	0	1	0	1	0	0	0	0	0	0	0	1	0	1
11_11098	0	0	NA	0	0	0	0	1	0	1	0	0	0	0	0	0	0	1	0	1
12_30496	0	0	0	0	0	0	0	1	0	1	0	0	0	0	0	0	0	1	0	0
12_11477	0	0	0	0	0	0	0	0	0	1	0	0	0	0	0	0	0	1	0	0
11_10534	0	0	1	0	0	0	0	1	0	1	0	0	0	0	0	0	0	1	0	0
11_20349	0	0	NA	0	0	0	0	0	0	1	0	0	0	0	0	0	0	1	1	0
12_30199	0	0	0	0	0	0	0	1	0	1	0	0	0	0	0	0	0	1	1	0
11_10303	0	0	0	0	0	0	0	1	0	1	0	0	0	0	0	0	0	1	0	0
11_10143	0	1	NA	0	0	0	0	0	0	0	0	0	0	0	0	0	0	0	1	0
11_21201	0	1	NA	0	0	0	0	0	0	0	0	0	0	0	0	0	0	0	1	0
11_21448	0	0	1	0	0	0	0	0	0	1	0	0	0	0	0	0	0	1	0	1
11_10169	0	1	NA	0	0	0	0	0	0	0	0	0	0	0	0	0	0	0	1	0
11_20092	0	1	NA	0	0	0	0	0	0	0	0	0	0	0	0	0	0	1	1	1
12_10241	0	1	0	0	0	0	0	0	0	0	0	0	0	0	0	0	0	0	1	0
12_30164	0	0	0	0	0	0	0	0	0	0	0	0	0	0	0	0	0	0	1	0
12_30368	0	1	0	0	0	0	0	0	0	0	0	0	0	0	0	0	0	0	0	0
11_11243	0	0	NA	0	0	0	1	1	0	0	0	0	0	0	0	0	0	0	0	0
11_21229	0	NA	NA	0	0	NA	0	0	0	0	1	0	0	NA	0	0	0	0	0	NA
12_30380	0	0	0	0	0	0	0	1	0	1	0	0	0	0	0	0	1	0	0	1
11_10078	0	0	NA	0	0	1	0	1	0	1	0	0	0	1	0	0	1	0	0	1
12_31282	NA	NA	1	NA	NA	NA	NA	0	NA	NA	NA	NA	NA	NA	NA	NA	NA	NA	NA	0
11_10454	NA	NA	NA	NA	NA	NA	0	0	0	NA	1	0	0	NA	NA	0	NA	0	NA	0
11_21280	0	0	NA	0	0	0	0	1	1	0	1	0	1	0	0	1	0	1	0	0
11_21223	0	1	NA	0	0	0	1	0	0	0	0	1	0	0	0	1	0	0	1	1
11_10896	0	0	NA	0	0	0	1	0	0	1	0	1	0	0	0	0	1	0	0	1
12_30826	0	0	0	0	0	0	0	0	0	1	0	0	0	0	0	0	0	0	0	1
11_20170	0	0	NA	0	0	0	0	0	0	1	0	0	0	0	0	0	0	0	0	1
