rs	alleles	chrom	pos	M122	ND20448	FEG141-20	FEG153-58	FEG154-47	FEG175-57	6B04-0290	6B05-0922	ND25652	ND25728	6B03-4304	6B03-4478	6B06-1132	ND24906	ND25160	ND25986	ND26036	ND26104	M136	M138	CELEBRATION
12_31491	A/G	UNK	3140	-1	1	1	-1	-1	-1	-1	-1	-1	-1	-1	-1	-1	-1	-1	-1	1	-1	NA	NA	NA
11_10460	A/G	1H	2440	NA	1	-1	-1	1	1	1	1	1	1	1	1	1	1	1	1	1	1	NA	NA	NA
12_10636	T/C	1H	6150	-1	NA	1	-1	1	1	1	1	1	1	1	1	1	1	1	1	1	1	NA	NA	NA
11_21174	A/G	1H	9340	-1	1	0	-1	1	1	1	1	1	1	1	1	1	1	1	1	1	1	NA	NA	NA
12_30951	A/T	1H	12780	1	-1	-1	1	-1	-1	-1	-1	-1	-1	-1	-1	-1	-1	-1	-1	-1	-1	NA	NA	NA
12_30948	A/C	1H	20310	1	1	1	1	1	1	1	1	1	1	1	1	1	1	1	1	1	1	NA	NA	NA
11_10030	A/G	1H	21990	-1	1	0	-1	-1	-1	-1	1	1	1	1	-1	-1	1	1	-1	1	1	NA	NA	NA
11_20712	T/C	1H	26320	1	-1	1	1	1	1	1	-1	-1	1	-1	1	1	-1	-1	1	-1	1	NA	NA	NA
11_10186	T/C	1H	28420	-1	1	0	-1	-1	-1	-1	1	1	-1	1	-1	-1	-1	1	-1	1	-1	NA	NA	NA
11_10744	G/C	1H	31240	1	-1	0	1	1	-1	-1	-1	-1	-1	-1	1	-1	-1	-1	-1	-1	1	NA	NA	NA
11_21048	T/G	1H	31240	1	-1	0	1	1	-1	-1	-1	-1	1	-1	1	-1	-1	1	-1	-1	1	NA	NA	NA
11_10760	T/C	1H	36020	1	1	1	1	1	1	1	1	1	-1	1	1	1	1	1	1	1	1	NA	NA	NA
12_11498	T/C	1H	41090	-1	-1	-1	-1	-1	-1	-1	-1	-1	-1	-1	-1	-1	-1	-1	-1	-1	1	NA	NA	NA
11_10526	A/G	1H	48800	-1	-1	0	-1	-1	-1	-1	-1	-1	1	-1	-1	-1	-1	-1	-1	-1	-1	NA	NA	NA
12_30043	T/C	1H	50000	1	1	1	1	1	1	1	1	1	-1	1	1	1	1	1	1	1	-1	NA	NA	NA
12_10506	T/C	1H	50000	-1	NA	1	1	1	1	1	1	1	1	1	1	1	1	1	1	1	1	NA	NA	NA
11_11484	A/G	1H	50000	-1	1	0	-1	-1	-1	-1	1	1	1	-1	-1	-1	1	-1	1	1	-1	NA	NA	NA
11_10075	T/C	1H	50000	-1	-1	0	-1	-1	-1	-1	-1	-1	1	-1	-1	-1	-1	1	-1	-1	1	NA	NA	NA
11_20810	A/G	1H	50000	-1	1	0	-1	-1	-1	-1	1	1	-1	-1	-1	-1	1	1	1	1	-1	NA	NA	NA
11_21217	A/G	1H	50860	-1	1	-1	-1	-1	-1	-1	1	1	1	-1	-1	-1	1	1	1	1	1	NA	NA	NA
11_10552	A/G	1H	55570	-1	-1	0	-1	-1	-1	-1	-1	-1	1	-1	-1	-1	-1	-1	-1	-1	-1	NA	NA	NA
11_20642	C/G	1H	62440	-1	1	0	-1	-1	-1	-1	1	1	1	-1	-1	-1	1	1	1	1	1	NA	NA	NA
12_10960	C/G	1H	65240	1	1	-1	1	-1	1	-1	1	1	1	-1	-1	-1	1	-1	1	1	-1	NA	NA	NA
12_30298	A/G	1H	69880	-1	1	-1	-1	-1	-1	-1	1	1	1	-1	-1	-1	1	-1	1	1	-1	NA	NA	NA
12_30742	A/G	1H	71440	-1	1	1	-1	1	-1	1	1	1	1	1	1	1	1	1	1	1	1	NA	NA	NA
11_10279	A/T	1H	72860	1	-1	0	1	1	1	1	1	-1	-1	1	1	1	-1	-1	-1	-1	1	NA	NA	NA
11_10686	A/G	1H	72860	-1	-1	0	-1	-1	-1	-1	-1	-1	-1	-1	-1	-1	-1	-1	-1	-1	-1	NA	NA	NA
11_21126	C/G	1H	72860	-1	-1	0	1	1	1	1	1	-1	-1	1	-1	1	-1	-1	-1	-1	1	NA	NA	NA
11_20657	A/G	1H	75650	-1	1	0	-1	-1	-1	-1	-1	1	1	-1	-1	-1	1	-1	1	1	-1	NA	NA	NA
12_11173	A/G	1H	98560	1	1	1	1	1	1	1	1	1	1	1	-1	1	1	1	1	1	1	NA	NA	NA
11_20220	A/G	1H	109530	-1	-1	0	-1	-1	-1	-1	-1	-1	-1	-1	1	-1	-1	-1	-1	-1	-1	NA	NA	NA
11_20021	A/C	1H	109830	1	-1	0	-1	-1	1	-1	-1	-1	-1	-1	-1	-1	-1	-1	-1	-1	-1	NA	NA	NA
12_10905	A/G	1H	115970	-1	1	1	1	1	-1	1	1	1	1	1	1	1	1	1	1	1	1	NA	NA	NA
11_21038	G/C	1H	126900	1	-1	0	-1	1	1	-1	-1	-1	-1	-1	-1	-1	-1	-1	-1	-1	-1	NA	NA	NA
11_10586	A/G	1H	127600	-1	-1	-1	-1	-1	-1	-1	-1	-1	-1	-1	1	-1	-1	-1	-1	-1	-1	NA	NA	NA
11_10722	A/G	1H	128450	1	1	0	1	1	1	1	1	1	1	1	-1	1	1	1	1	1	1	NA	NA	NA
12_31377	G/C	1H	129420	1	-1	-1	-1	1	1	-1	-1	-1	-1	-1	-1	-1	-1	-1	-1	-1	-1	NA	NA	NA
11_11038	A/G	1H	131660	-1	-1	0	-1	-1	-1	-1	-1	-1	-1	-1	1	-1	-1	-1	-1	-1	-1	NA	NA	NA
12_30277	T/G	1H	142160	-1	1	-1	-1	-1	-1	1	1	1	1	1	-1	-1	1	1	1	1	1	NA	NA	NA
12_11496	A/G	1H	142160	-1	1	-1	-1	1	1	1	1	1	1	1	1	1	1	1	1	1	1	NA	NA	NA
11_20594	A/G	1H	142160	1	1	1	1	1	1	-1	1	1	1	-1	1	1	1	1	1	1	1	NA	NA	NA
11_20840	T/G	1H	142740	-1	-1	-1	-1	-1	-1	1	-1	-1	-1	1	-1	-1	-1	-1	-1	-1	-1	NA	NA	NA
12_31224	T/A	2H	7550	-1	1	-1	-1	1	1	1	1	1	-1	1	1	1	1	1	1	-1	1	NA	NA	NA
11_10326	T/C	2H	7290	-1	1	1	-1	-1	1	-1	1	1	-1	1	1	1	1	1	1	-1	1	NA	NA	NA
11_21377	A/G	2H	13190	1	-1	-1	1	-1	-1	-1	-1	-1	-1	-1	-1	-1	-1	1	-1	-1	-1	NA	NA	NA
12_30155	T/C	2H	16170	-1	1	-1	-1	1	1	1	1	1	1	1	1	1	1	1	1	1	1	NA	NA	NA
11_11040	T/C	2H	23730	0	-1	-1	-1	-1	-1	-1	-1	-1	-1	-1	-1	-1	NA	-1	-1	-1	NA	NA	NA	NA
11_21265	A/G	2H	41770	-1	-1	-1	-1	-1	-1	-1	-1	-1	-1	-1	-1	-1	-1	-1	-1	-1	1	NA	NA	NA
11_10307	C/G	2H	44540	0	NA	0	1	1	1	1	1	1	1	1	NA	1	1	1	1	1	1	NA	NA	NA
11_20864	T/C	2H	44930	1	1	-1	1	1	1	1	1	-1	-1	1	1	1	1	1	1	1	-1	NA	NA	NA
11_21304	A/G	2H	47350	-1	-1	0	-1	-1	-1	-1	-1	1	1	-1	-1	-1	-1	-1	-1	-1	-1	NA	NA	NA
11_10525	T/G	2H	52960	1	1	-1	1	1	1	1	1	1	1	1	1	1	1	1	1	1	1	NA	NA	NA
11_21338	A/G	2H	55410	-1	-1	0	-1	-1	-1	-1	-1	-1	-1	-1	-1	-1	-1	-1	-1	-1	-1	NA	NA	NA
12_30604	A/G	2H	64700	-1	1	1	-1	1	-1	-1	-1	1	-1	1	-1	-1	1	-1	-1	1	-1	NA	NA	NA
11_10638	A/G	2H	66110	-1	1	0	-1	1	1	1	1	1	1	1	1	1	1	1	1	1	1	NA	NA	NA
12_31474	G/C	2H	66110	1	-1	-1	1	1	1	1	1	-1	1	-1	1	1	-1	1	1	-1	1	NA	NA	NA
12_11272	A/G	2H	67210	-1	-1	-1	-1	-1	1	1	1	-1	1	-1	1	1	-1	1	1	-1	1	NA	NA	NA
12_10485	A/G	2H	68800	1	-1	1	1	1	1	1	1	-1	1	1	1	1	-1	1	1	-1	1	NA	NA	NA
11_20690	A/G	2H	71370	1	-1	0	1	-1	1	1	-1	-1	1	1	1	1	-1	1	1	-1	1	NA	NA	NA
11_20528	T/G	2H	77340	-1	-1	0	-1	1	-1	-1	1	1	-1	-1	-1	-1	1	-1	-1	-1	-1	NA	NA	NA
12_10650	T/C	2H	77340	-1	1	-1	-1	1	-1	-1	1	1	1	-1	-1	-1	1	-1	-1	1	1	NA	NA	NA
11_20734	A/G	2H	79750	1	-1	0	-1	-1	1	1	-1	1	1	1	1	1	1	1	1	-1	-1	NA	NA	NA
12_30178	T/C	2H	81080	-1	-1	-1	-1	-1	-1	1	-1	1	1	1	1	1	1	1	1	-1	-1	NA	NA	NA
12_20489	T/A	2H	83490	1	1	1	1	1	1	-1	1	-1	-1	-1	-1	-1	-1	1	1	1	1	NA	NA	NA
12_10859	A/G	2H	85390	1	-1	1	1	1	1	1	1	1	1	1	1	1	1	1	1	-1	-1	NA	NA	NA
12_30900	C/G	2H	90990	-1	1	-1	-1	-1	-1	-1	-1	1	-1	-1	-1	-1	-1	1	1	-1	1	NA	NA	NA
11_10214	T/C	2H	99040	-1	1	0	-1	-1	-1	1	-1	1	-1	-1	-1	-1	-1	1	1	1	1	NA	NA	NA
11_10398	T/G	2H	106900	-1	-1	-1	-1	-1	-1	-1	-1	-1	-1	-1	-1	-1	-1	-1	-1	-1	-1	NA	NA	NA
11_10900	A/G	2H	106920	-1	-1	0	-1	-1	-1	-1	-1	-1	-1	-1	-1	-1	-1	-1	-1	-1	-1	NA	NA	NA
11_20182	A/G	2H	125760	1	-1	0	1	1	1	1	1	1	1	1	1	1	1	1	1	-1	1	NA	NA	NA
12_31095	A/G	2H	131660	1	1	1	1	1	1	-1	-1	-1	-1	-1	1	1	1	-1	-1	1	-1	NA	NA	NA
11_21220	A/G	2H	136660	-1	1	0	-1	1	-1	1	1	1	1	1	-1	1	-1	1	1	1	1	NA	NA	NA
11_10780	A/G	2H	136060	1	1	-1	1	-1	1	-1	-1	-1	-1	-1	1	-1	1	-1	-1	1	-1	NA	NA	NA
12_30636	T/G	2H	138030	1	-1	1	1	-1	1	1	1	1	1	1	1	-1	1	1	1	-1	1	NA	NA	NA
11_21370	G/C	2H	143070	-1	1	0	-1	-1	-1	1	1	1	1	1	-1	-1	1	1	1	-1	1	NA	NA	NA
11_10109	T/C	2H	143070	1	-1	0	1	1	1	-1	-1	-1	-1	-1	1	1	-1	-1	-1	1	-1	NA	NA	NA
11_10065	T/C	2H	145200	1	-1	0	1	1	1	-1	-1	-1	-1	-1	1	1	-1	-1	-1	-1	-1	NA	NA	NA
11_20895	T/C	2H	149120	-1	-1	-1	-1	-1	-1	-1	-1	-1	-1	1	-1	-1	1	-1	-1	1	-1	NA	NA	NA
12_30396	A/G	2H	150780	-1	-1	-1	-1	-1	-1	1	-1	-1	-1	1	-1	-1	1	1	-1	1	-1	NA	NA	NA
11_20590	G/C	2H	155660	-1	1	0	-1	-1	-1	1	-1	1	1	-1	-1	-1	-1	1	1	1	1	NA	NA	NA
11_10551	A/G	2H	157760	-1	1	0	-1	-1	-1	1	-1	1	1	-1	-1	-1	-1	1	1	-1	1	NA	NA	NA
12_10447	T/G	2H	160120	1	-1	-1	1	1	1	1	-1	1	-1	1	1	-1	1	1	-1	1	-1	NA	NA	NA
11_21250	T/C	2H	160690	1	-1	0	1	1	1	1	-1	-1	-1	1	1	-1	1	-1	-1	-1	-1	NA	NA	NA
11_11380	T/C	2H	161260	-1	1	0	-1	-1	-1	-1	1	-1	1	-1	-1	1	-1	-1	1	-1	1	NA	NA	NA
12_10181	A/G	2H	162060	1	-1	-1	1	1	1	1	-1	-1	-1	1	1	-1	1	-1	-1	-1	-1	NA	NA	NA
11_20293	A/G	2H	163460	-1	1	1	-1	-1	-1	-1	1	-1	1	-1	-1	1	-1	-1	1	1	1	NA	NA	NA
11_21453	A/G	2H	175480	1	1	0	1	1	1	1	1	1	1	1	1	1	1	1	1	-1	1	NA	NA	NA
12_30102	T/C	2H	180610	1	-1	1	1	1	1	1	1	1	1	1	1	-1	1	1	1	1	1	NA	NA	NA
11_20159	A/C	3H	5910	-1	-1	0	-1	-1	-1	1	1	1	1	-1	-1	-1	-1	1	-1	-1	-1	NA	NA	NA
11_20252	T/C	3H	6460	-1	1	0	-1	-1	-1	1	1	-1	-1	-1	-1	-1	-1	1	-1	-1	-1	NA	NA	NA
11_20595	A/C	3H	15520	-1	1	-1	-1	-1	-1	-1	-1	1	1	-1	-1	-1	-1	-1	-1	-1	1	NA	NA	NA
12_10571	A/G	3H	17540	1	-1	1	1	1	1	1	1	1	1	1	1	1	1	1	1	1	1	NA	NA	NA
11_20742	T/C	3H	24630	-1	-1	0	-1	1	1	1	1	-1	0	1	1	1	1	1	1	1	-1	NA	NA	NA
12_30920	G/C	3H	28780	1	1	1	1	1	1	1	1	-1	0	1	1	1	1	1	1	1	-1	NA	NA	NA
11_20968	A/G	3H	35400	0	1	0	-1	1	-1	1	-1	1	1	1	1	1	1	NA	1	1	NA	NA	NA	NA
12_30571	T/C	3H	38190	-1	-1	-1	-1	-1	-1	-1	-1	-1	-1	-1	-1	-1	-1	1	-1	-1	-1	NA	NA	NA
11_11086	T/C	3H	58310	1	1	1	1	1	1	1	1	1	1	1	1	1	1	1	1	1	-1	NA	NA	NA
11_10926	T/A	3H	58310	-1	-1	0	-1	-1	-1	-1	-1	-1	-1	-1	-1	-1	-1	-1	-1	-1	1	NA	NA	NA
11_11391	A/C	3H	65160	1	1	0	1	1	1	1	1	1	1	1	1	1	1	-1	1	1	-1	NA	NA	NA
12_30788	C/G	3H	65440	1	-1	1	1	1	1	1	1	1	1	1	1	1	-1	1	-1	-1	1	NA	NA	NA
11_20521	A/T	3H	67310	-1	-1	1	-1	-1	-1	-1	-1	-1	-1	-1	-1	-1	-1	1	-1	-1	1	NA	NA	NA
11_10253	A/G	3H	82190	-1	-1	0	-1	-1	-1	-1	-1	-1	-1	-1	-1	-1	-1	-1	-1	-1	-1	NA	NA	NA
12_30223	T/C	3H	108040	-1	1	-1	-1	-1	-1	-1	-1	-1	-1	-1	-1	-1	1	1	-1	1	-1	NA	NA	NA
11_20944	T/C	3H	109120	-1	1	0	-1	-1	-1	-1	-1	1	1	-1	-1	1	1	1	1	1	-1	NA	NA	NA
12_30084	A/C	3H	113390	-1	-1	-1	-1	-1	-1	-1	-1	-1	-1	-1	-1	-1	-1	-1	-1	1	-1	NA	NA	NA
11_11141	A/G	3H	117580	-1	-1	0	-1	-1	-1	-1	-1	-1	-1	-1	-1	-1	-1	-1	-1	1	-1	NA	NA	NA
12_10122	A/G	3H	125230	1	-1	-1	1	1	1	-1	-1	-1	-1	-1	-1	-1	-1	-1	-1	-1	-1	NA	NA	NA
12_11154	A/G	3H	126410	-1	-1	-1	-1	-1	-1	-1	-1	-1	-1	-1	-1	-1	-1	-1	-1	1	-1	NA	NA	NA
11_20851	A/C	3H	128530	-1	1	-1	-1	-1	-1	-1	-1	1	0	-1	-1	-1	1	-1	1	1	-1	NA	NA	NA
11_10631	A/C	3H	132430	-1	1	0	-1	-1	-1	-1	-1	1	0	-1	-1	-1	1	-1	1	-1	-1	NA	NA	NA
11_21266	A/G	3H	137080	1	1	0	1	1	1	1	1	-1	1	1	1	1	1	1	-1	1	1	NA	NA	NA
11_21272	C/G	3H	137480	1	1	1	1	1	1	1	1	-1	1	1	1	1	1	1	-1	1	1	NA	NA	NA
12_21376	T/G	3H	140120	-1	-1	-1	-1	-1	-1	-1	-1	-1	-1	-1	-1	-1	-1	1	-1	-1	-1	NA	NA	NA
12_30921	A/G	3H	145650	-1	-1	-1	-1	-1	-1	-1	-1	1	-1	-1	-1	-1	-1	1	1	-1	-1	NA	NA	NA
12_30767	A/G	3H	150890	-1	-1	-1	-1	-1	-1	-1	-1	1	-1	1	1	-1	-1	-1	1	-1	-1	NA	NA	NA
11_20605	A/C	3H	152290	1	1	-1	1	1	1	1	1	-1	1	-1	-1	1	1	1	-1	1	-1	NA	NA	NA
11_11516	A/C	3H	159550	-1	-1	0	-1	-1	-1	-1	-1	1	-1	1	1	-1	-1	-1	1	-1	1	NA	NA	NA
12_30055	T/C	3H	162850	1	1	1	1	1	1	1	1	1	1	-1	1	1	1	1	1	1	1	NA	NA	NA
11_10208	A/T	4H	3910	1	-1	0	1	1	-1	-1	-1	-1	-1	-1	-1	-1	-1	-1	-1	-1	-1	NA	NA	NA
12_31458	A/G	4H	14130	-1	-1	1	-1	-1	-1	-1	1	1	1	1	-1	-1	-1	-1	-1	-1	-1	NA	NA	NA
12_30540	A/G	4H	16130	1	-1	-1	1	1	-1	-1	-1	-1	-1	-1	-1	-1	-1	-1	-1	-1	-1	NA	NA	NA
11_10221	G/C	4H	24230	1	-1	0	1	1	-1	-1	-1	-1	-1	-1	-1	-1	-1	-1	-1	-1	-1	NA	NA	NA
11_20422	G/C	4H	31140	1	-1	0	1	1	1	-1	-1	-1	-1	-1	-1	-1	-1	-1	-1	-1	-1	NA	NA	NA
11_21418	T/C	4H	31140	-1	-1	1	-1	-1	-1	1	1	1	-1	1	1	1	-1	-1	-1	1	-1	NA	NA	NA
11_20777	A/G	4H	31640	-1	1	0	-1	-1	-1	1	1	1	1	1	1	1	1	1	1	1	1	NA	NA	NA
12_31313	A/G	4H	36130	1	1	1	1	1	1	1	1	1	1	1	1	1	-1	1	1	1	1	NA	NA	NA
11_21397	A/G	4H	38740	1	-1	0	1	1	1	-1	-1	-1	-1	-1	-1	-1	-1	-1	-1	-1	-1	NA	NA	NA
12_10860	T/C	4H	42690	-1	1	1	-1	-1	-1	1	1	1	1	1	1	1	1	1	1	1	1	NA	NA	NA
11_20012	T/C	4H	46190	-1	1	0	-1	-1	-1	1	1	1	1	1	1	1	1	1	1	1	1	NA	NA	NA
11_20114	T/A	4H	46870	1	1	0	1	1	1	-1	1	-1	-1	-1	1	1	1	-1	1	-1	-1	NA	NA	NA
11_10793	C/G	4H	52670	1	1	0	1	1	1	-1	1	-1	-1	-1	1	1	1	1	1	1	1	NA	NA	NA
11_11405	A/G	4H	52970	-1	-1	-1	-1	-1	-1	1	-1	1	1	1	-1	-1	-1	-1	-1	-1	-1	NA	NA	NA
12_30605	T/C	4H	53870	1	1	1	1	1	1	-1	1	1	-1	-1	1	1	1	-1	1	1	1	NA	NA	NA
11_11114	A/G	4H	54560	1	1	-1	1	1	1	-1	1	1	-1	-1	1	1	1	-1	1	1	1	NA	NA	NA
11_11244	T/G	4H	54560	-1	-1	0	-1	-1	-1	-1	-1	-1	-1	-1	-1	-1	-1	1	-1	-1	-1	NA	NA	NA
11_10639	T/C	4H	58820	-1	-1	-1	1	-1	1	1	-1	1	1	1	-1	-1	-1	-1	-1	1	-1	NA	NA	NA
12_30755	T/C	4H	60640	-1	-1	1	1	-1	1	1	-1	-1	-1	1	-1	-1	-1	-1	-1	1	-1	NA	NA	NA
12_31536	T/C	4H	62920	-1	-1	-1	-1	-1	1	1	-1	-1	-1	1	-1	-1	-1	-1	1	-1	-1	NA	NA	NA
11_11513	A/G	4H	64450	-1	-1	0	-1	-1	1	-1	-1	1	-1	-1	-1	-1	-1	-1	1	1	1	NA	NA	NA
11_10467	A/G	4H	67220	-1	1	0	-1	-1	1	-1	-1	-1	1	-1	-1	-1	1	-1	1	-1	-1	NA	NA	NA
11_10309	A/G	4H	67910	-1	-1	0	-1	-1	1	-1	-1	-1	-1	-1	-1	-1	-1	-1	1	-1	-1	NA	NA	NA
11_11004	A/G	4H	70330	-1	1	0	-1	-1	1	-1	-1	-1	1	-1	-1	-1	1	-1	-1	-1	-1	NA	NA	NA
11_10523	T/G	4H	72700	1	-1	0	1	1	-1	-1	1	1	-1	1	1	1	-1	1	-1	1	1	NA	NA	NA
11_10724	C/G	4H	76410	-1	1	0	-1	-1	-1	-1	-1	-1	1	-1	-1	-1	1	-1	1	-1	-1	NA	NA	NA
11_11213	A/G	4H	80350	-1	1	0	1	-1	-1	-1	-1	1	1	-1	-1	-1	1	1	1	1	1	NA	NA	NA
11_20765	T/G	4H	81960	1	1	-1	1	1	1	1	1	-1	1	1	1	1	-1	-1	1	1	1	NA	NA	NA
11_20358	A/G	4H	81960	-1	-1	0	1	-1	-1	-1	-1	1	-1	-1	-1	-1	1	1	-1	-1	-1	NA	NA	NA
11_10588	A/G	4H	83340	1	-1	0	1	1	1	1	1	1	1	1	1	1	1	1	1	1	1	NA	NA	NA
11_20384	A/G	4H	87900	-1	-1	0	-1	-1	-1	-1	-1	-1	-1	-1	-1	-1	-1	-1	-1	-1	-1	NA	NA	NA
12_30117	T/C	4H	95530	1	-1	1	1	1	1	1	1	1	-1	1	1	1	-1	1	-1	-1	-1	NA	NA	NA
11_20119	A/C	4H	98650	1	1	0	1	1	1	1	1	-1	-1	1	1	1	-1	1	-1	-1	-1	NA	NA	NA
11_20454	A/G	4H	99680	1	-1	0	1	1	1	1	1	1	1	1	1	1	1	-1	1	1	1	NA	NA	NA
12_30988	A/T	4H	99680	-1	1	-1	-1	-1	-1	-1	1	-1	-1	-1	-1	-1	-1	-1	-1	-1	-1	NA	NA	NA
11_20974	T/G	4H	105140	-1	1	0	-1	-1	-1	-1	1	-1	-1	-1	-1	-1	-1	1	-1	-1	-1	NA	NA	NA
12_31138	T/C	4H	112790	-1	1	-1	-1	-1	1	1	1	-1	-1	1	-1	1	1	1	1	1	1	NA	NA	NA
12_30006	A/G	4H	128180	1	1	1	1	1	1	-1	-1	-1	1	1	1	1	-1	-1	-1	1	1	NA	NA	NA
11_20894	C/G	5H	1220	-1	1	0	1	1	1	1	-1	1	1	1	1	1	1	1	1	1	1	NA	NA	NA
11_20226	A/G	5H	1220	-1	-1	1	1	1	1	1	-1	-1	-1	1	1	1	-1	1	-1	-1	1	NA	NA	NA
12_30976	A/G	5H	3660	-1	-1	-1	1	1	1	1	-1	-1	-1	1	-1	1	-1	1	-1	-1	1	NA	NA	NA
12_30979	G/C	5H	3660	1	1	1	-1	-1	-1	-1	1	1	1	-1	-1	-1	1	-1	1	1	-1	NA	NA	NA
11_20206	T/A	5H	6550	1	1	0	1	1	1	-1	1	1	1	-1	-1	1	1	-1	1	1	-1	NA	NA	NA
11_21202	T/C	5H	7240	1	-1	-1	-1	-1	-1	-1	1	1	-1	-1	-1	-1	-1	-1	-1	-1	-1	NA	NA	NA
11_11381	A/G	5H	7930	1	-1	0	1	1	1	-1	1	-1	-1	-1	1	1	-1	-1	-1	-1	-1	NA	NA	NA
11_20533	T/C	5H	8880	-1	-1	0	1	1	1	-1	-1	-1	-1	-1	1	-1	-1	-1	-1	-1	-1	NA	NA	NA
12_31094	A/G	5H	10100	-1	-1	-1	1	1	1	-1	-1	-1	-1	-1	1	-1	-1	-1	-1	-1	-1	NA	NA	NA
11_10974	C/G	5H	21240	1	-1	0	1	1	1	1	1	-1	1	1	1	1	-1	-1	1	1	1	NA	NA	NA
11_21426	A/G	5H	21240	-1	1	0	1	1	-1	1	1	1	1	1	1	1	1	1	1	1	1	NA	NA	NA
11_11048	A/T	5H	27800	1	-1	0	1	1	1	1	1	-1	1	1	-1	1	-1	-1	1	1	-1	NA	NA	NA
11_10688	T/C	5H	31060	-1	1	0	-1	-1	-1	-1	-1	1	-1	-1	1	-1	1	1	-1	-1	-1	NA	NA	NA
12_30410	T/G	5H	35350	1	1	1	1	1	1	1	-1	1	1	1	1	1	1	1	1	-1	1	NA	NA	NA
11_20845	A/G	5H	37620	-1	1	0	-1	-1	-1	-1	-1	1	1	-1	1	-1	1	1	1	-1	1	NA	NA	NA
11_20903	A/G	5H	42070	1	1	1	1	1	1	1	1	1	1	1	1	1	1	1	1	NA	1	NA	NA	NA
11_20239	T/G	5H	44200	-1	1	0	-1	-1	-1	1	1	1	1	1	1	1	1	1	1	0	1	NA	NA	NA
12_10079	A/G	5H	44890	-1	1	1	-1	-1	-1	1	1	1	1	1	1	1	1	1	1	1	1	NA	NA	NA
11_20367	A/C	5H	55830	-1	-1	1	1	-1	-1	-1	-1	-1	-1	-1	-1	-1	-1	-1	-1	-1	-1	NA	NA	NA
11_20236	T/G	5H	59030	-1	1	0	1	-1	-1	-1	-1	1	1	-1	-1	-1	1	-1	-1	1	1	NA	NA	NA
11_11355	A/G	5H	68580	1	-1	0	1	1	1	-1	1	-1	-1	-1	1	1	-1	1	-1	-1	1	NA	NA	NA
11_21480	A/G	5H	66780	1	-1	1	1	1	1	-1	1	-1	-1	-1	1	1	-1	-1	-1	-1	1	NA	NA	NA
11_11290	A/C	5H	71530	-1	1	0	-1	-1	-1	1	-1	1	1	1	1	-1	1	-1	1	1	-1	NA	NA	NA
11_10578	T/G	5H	72220	1	-1	0	1	1	1	-1	1	-1	-1	-1	-1	1	-1	1	-1	-1	1	NA	NA	NA
11_20449	A/T	5H	76340	-1	-1	0	-1	-1	-1	-1	-1	-1	-1	-1	-1	1	-1	1	1	-1	1	NA	NA	NA
11_11350	A/G	5H	84960	-1	-1	0	-1	-1	-1	-1	-1	-1	-1	-1	-1	1	-1	-1	-1	-1	-1	NA	NA	NA
11_20134	A/G	5H	87710	1	1	0	1	1	1	1	1	1	1	1	1	1	-1	1	1	1	1	NA	NA	NA
12_30067	A/G	5H	117630	1	1	1	1	1	1	1	1	1	1	1	1	1	1	1	1	-1	1	NA	NA	NA
11_10705	T/C	5H	119720	-1	1	0	-1	-1	-1	-1	-1	-1	-1	-1	-1	-1	1	-1	1	1	1	NA	NA	NA
11_10783	T/C	5H	126390	1	-1	0	1	1	1	1	1	1	1	1	1	1	-1	1	-1	-1	-1	NA	NA	NA
11_21241	T/C	5H	127430	1	-1	0	1	1	1	1	1	1	1	1	1	1	-1	1	1	-1	-1	NA	NA	NA
12_30929	A/G	5H	126930	1	1	1	1	1	1	1	1	1	1	1	1	1	1	1	1	-1	1	NA	NA	NA
12_30635	A/G	5H	127520	1	-1	1	1	1	1	1	1	1	1	1	1	1	-1	1	1	-1	-1	NA	NA	NA
12_30833	T/C	5H	133030	-1	-1	-1	-1	-1	-1	-1	-1	-1	-1	-1	-1	-1	-1	-1	-1	1	-1	NA	NA	NA
12_30400	A/C	5H	137220	-1	1	-1	-1	-1	-1	1	-1	1	1	-1	-1	-1	1	1	1	1	1	NA	NA	NA
11_11490	A/C	5H	146310	-1	1	0	-1	-1	-1	1	-1	1	-1	-1	-1	-1	1	-1	1	1	1	NA	NA	NA
12_30759	A/C	5H	148340	-1	-1	-1	-1	-1	-1	-1	-1	-1	-1	-1	-1	-1	1	1	-1	-1	-1	NA	NA	NA
11_20545	A/G	5H	149410	-1	1	0	-1	-1	-1	-1	-1	1	1	-1	-1	-1	-1	1	1	1	1	NA	NA	NA
12_31375	A/C	5H	153470	-1	1	-1	-1	-1	1	1	1	1	1	1	-1	-1	1	1	1	1	1	NA	NA	NA
11_20646	T/C	5H	153820	-1	1	1	-1	-1	-1	-1	1	1	1	1	-1	-1	1	-1	-1	1	1	NA	NA	NA
12_30566	A/G	5H	160320	-1	-1	1	1	1	1	1	1	-1	-1	1	1	-1	-1	1	-1	-1	-1	NA	NA	NA
11_11216	T/C	5H	161410	1	1	0	1	1	1	1	1	1	1	1	1	1	1	1	1	1	1	NA	NA	NA
11_20686	A/G	5H	161410	-1	-1	-1	-1	-1	-1	1	1	-1	-1	1	-1	-1	-1	-1	-1	-1	-1	NA	NA	NA
11_10869	G/C	5H	163160	1	1	0	-1	-1	1	1	1	1	1	1	-1	1	1	1	1	1	1	NA	NA	NA
11_10600	A/G	5H	165570	1	-1	0	1	1	1	1	-1	1	-1	-1	-1	1	-1	1	-1	-1	-1	NA	NA	NA
12_11450	T/C	5H	168720	-1	1	1	1	1	1	-1	1	-1	1	1	1	1	1	-1	1	-1	1	NA	NA	NA
12_30494	C/G	5H	171160	1	1	-1	1	-1	-1	-1	-1	-1	1	-1	0	-1	1	-1	1	1	1	NA	NA	NA
12_30577	A/G	5H	172250	-1	-1	1	-1	1	1	1	-1	1	-1	1	1	1	-1	1	1	-1	-1	NA	NA	NA
12_31352	T/C	5H	176520	1	1	-1	1	-1	-1	1	1	1	1	-1	1	-1	1	1	1	1	1	NA	NA	NA
12_31292	A/G	5H	178770	1	-1	-1	1	1	1	1	-1	1	1	1	1	-1	-1	1	1	-1	1	NA	NA	NA
11_10401	A/T	5H	180540	1	-1	-1	1	1	1	-1	-1	-1	1	-1	-1	-1	-1	-1	-1	-1	1	NA	NA	NA
11_21052	T/C	5H	177500	-1	-1	0	-1	-1	-1	-1	-1	-1	1	-1	-1	-1	-1	-1	-1	-1	1	NA	NA	NA
12_30382	T/G	5H	181110	-1	-1	-1	-1	-1	-1	-1	-1	-1	-1	-1	1	-1	-1	-1	-1	-1	-1	NA	NA	NA
12_10857	A/C	5H	180540	1	-1	-1	1	1	1	-1	-1	-1	-1	-1	-1	-1	-1	-1	-1	-1	-1	NA	NA	NA
11_21521	G/C	6H	2860	-1	-1	0	-1	-1	-1	1	-1	-1	-1	-1	-1	-1	-1	1	-1	-1	-1	NA	NA	NA
11_10669	T/C	6H	3430	1	1	0	1	1	1	-1	1	1	1	1	1	1	1	-1	1	1	1	NA	NA	NA
11_11479	A/C	6H	14260	1	1	0	1	1	1	1	1	1	1	1	1	1	1	-1	1	1	1	NA	NA	NA
11_20415	A/G	6H	15160	-1	-1	0	-1	-1	-1	-1	-1	-1	-1	-1	-1	-1	1	-1	-1	-1	-1	NA	NA	NA
12_10554	T/G	6H	19070	-1	1	1	1	1	-1	1	1	1	1	1	1	1	-1	1	1	1	1	NA	NA	NA
11_21246	T/G	6H	22430	-1	1	0	-1	-1	-1	-1	-1	1	1	-1	-1	-1	1	1	1	1	1	NA	NA	NA
11_10136	T/C	6H	27190	1	-1	0	1	1	1	1	1	-1	-1	1	1	1	-1	-1	-1	-1	-1	NA	NA	NA
11_10676	C/G	6H	34460	1	1	0	1	1	1	1	1	1	1	1	1	1	1	1	1	1	1	NA	NA	NA
12_31308	G/C	6H	34460	1	-1	1	1	1	1	1	1	-1	-1	-1	-1	1	-1	-1	-1	-1	-1	NA	NA	NA
11_10994	A/G	6H	38120	1	-1	-1	-1	-1	1	-1	-1	-1	-1	1	1	-1	-1	1	-1	-1	-1	NA	NA	NA
11_10427	A/G	6H	41350	-1	-1	0	-1	-1	-1	-1	-1	-1	-1	1	1	1	-1	-1	-1	-1	-1	NA	NA	NA
12_30361	A/C	6H	47810	-1	-1	1	1	1	-1	1	1	-1	-1	-1	-1	-1	-1	1	-1	-1	-1	NA	NA	NA
11_10129	T/C	6H	50540	1	1	0	-1	-1	1	-1	-1	1	1	1	1	1	1	-1	1	1	-1	NA	NA	NA
11_20936	T/C	6H	50610	-1	1	0	-1	-1	-1	1	-1	1	1	-1	-1	-1	1	-1	1	1	-1	NA	NA	NA
11_21281	A/G	6H	51940	1	1	0	1	1	1	1	1	1	1	-1	-1	1	1	1	1	1	1	NA	NA	NA
11_10539	T/G	6H	54140	1	-1	1	1	1	-1	-1	1	-1	-1	1	1	1	-1	-1	-1	-1	1	NA	NA	NA
12_30751	T/C	6H	55080	1	-1	-1	1	1	-1	-1	1	-1	-1	1	1	1	-1	-1	-1	-1	-1	NA	NA	NA
11_10003	A/G	6H	56780	1	1	0	1	1	-1	1	1	1	1	1	1	1	1	-1	1	1	1	NA	NA	NA
11_20656	T/C	6H	58340	1	1	0	1	1	-1	1	1	1	1	1	1	1	1	-1	1	1	1	NA	NA	NA
12_30144	A/G	6H	60210	-1	-1	-1	-1	-1	-1	1	-1	-1	-1	-1	-1	-1	-1	-1	-1	-1	1	NA	NA	NA
11_11067	T/C	6H	62910	1	1	0	1	1	-1	-1	1	1	1	1	1	1	1	1	1	1	1	NA	NA	NA
11_10270	A/G	6H	64290	1	1	1	1	1	1	1	1	-1	-1	1	1	1	-1	1	-1	1	1	NA	NA	NA
11_21069	T/C	6H	70590	-1	1	0	-1	1	-1	1	-1	1	1	1	1	1	1	-1	1	1	1	NA	NA	NA
11_20904	T/C	6H	70890	-1	-1	0	-1	-1	-1	-1	-1	1	1	-1	-1	-1	1	1	1	-1	-1	NA	NA	NA
11_10040	A/G	6H	72790	-1	-1	0	-1	-1	-1	-1	1	-1	-1	-1	-1	-1	-1	1	-1	-1	-1	NA	NA	NA
11_20714	A/G	6H	73830	-1	1	0	-1	1	-1	1	-1	1	1	1	1	1	1	1	1	1	1	NA	NA	NA
11_20673	A/T	6H	74180	1	-1	0	1	-1	1	-1	1	-1	-1	-1	-1	-1	-1	-1	-1	-1	1	NA	NA	NA
11_11349	T/G	6H	74180	1	-1	0	1	-1	1	-1	-1	1	-1	-1	-1	-1	-1	-1	-1	-1	-1	NA	NA	NA
11_20889	C/G	6H	78760	1	-1	0	1	-1	1	-1	-1	-1	-1	-1	-1	-1	-1	-1	-1	-1	1	NA	NA	NA
12_30940	C/G	6H	78760	1	-1	-1	1	-1	1	-1	-1	1	1	-1	-1	-1	-1	-1	-1	-1	1	NA	NA	NA
11_11147	A/T	6H	85230	-1	-1	-1	-1	-1	-1	-1	1	-1	-1	-1	-1	-1	-1	-1	-1	-1	-1	NA	NA	NA
12_31235	T/C	6H	94020	1	-1	1	1	1	1	1	-1	-1	-1	-1	1	1	-1	-1	-1	-1	-1	NA	NA	NA
11_20996	A/C	6H	96470	0	1	-1	1	1	1	1	1	1	1	1	1	1	-1	1	1	-1	-1	NA	NA	NA
11_20972	T/A	6H	99150	-1	-1	-1	-1	-1	-1	-1	-1	-1	-1	-1	-1	-1	1	-1	-1	1	1	NA	NA	NA
11_20355	A/G	6H	113050	-1	1	0	-1	-1	-1	-1	-1	-1	-1	-1	-1	-1	-1	-1	-1	1	1	NA	NA	NA
11_10239	A/G	6H	114270	-1	1	0	-1	-1	-1	-1	-1	-1	-1	-1	-1	-1	-1	-1	-1	1	1	NA	NA	NA
11_21455	A/G	6H	122990	1	1	0	1	1	1	1	1	1	1	1	1	1	1	1	1	1	-1	NA	NA	NA
12_31126	T/C	6H	124210	1	1	-1	1	-1	1	1	1	1	1	1	1	1	1	1	1	1	1	NA	NA	NA
11_11111	T/C	6H	129220	-1	-1	0	-1	-1	-1	1	1	1	-1	-1	-1	1	-1	1	-1	-1	-1	NA	NA	NA
11_21112	A/G	6H	129320	-1	1	-1	-1	-1	-1	-1	-1	-1	1	1	1	-1	1	-1	1	1	1	NA	NA	NA
12_30956	A/C	6H	139390	-1	-1	1	-1	-1	-1	1	-1	1	-1	1	1	1	-1	1	-1	-1	-1	NA	NA	NA
12_31350	A/G	7H	3210	-1	-1	-1	-1	-1	-1	1	1	-1	-1	-1	-1	-1	-1	-1	-1	-1	-1	NA	NA	NA
12_11433	T/C	7H	7520	-1	1	-1	-1	-1	-1	-1	-1	1	-1	-1	-1	1	1	-1	1	1	1	NA	NA	NA
12_31450	A/C	7H	12970	-1	1	1	-1	-1	-1	1	1	1	0	-1	-1	1	1	-1	1	1	1	NA	NA	NA
11_20245	C/G	7H	9820	-1	1	0	-1	-1	-1	-1	-1	1	-1	-1	-1	1	1	-1	1	1	1	NA	NA	NA
12_31285	A/G	7H	15440	NA	-1	-1	-1	-1	-1	-1	-1	-1	-1	1	-1	-1	-1	-1	-1	-1	-1	NA	NA	NA
11_20755	A/G	7H	12970	-1	-1	0	-1	-1	-1	-1	-1	-1	-1	1	-1	-1	-1	-1	-1	-1	-1	NA	NA	NA
11_10025	A/G	7H	16780	-1	-1	0	-1	-1	-1	1	-1	-1	-1	1	1	1	-1	1	-1	-1	-1	NA	NA	NA
12_30530	A/G	7H	26350	1	NA	1	1	1	1	-1	1	1	0	-1	-1	-1	1	0	1	1	1	NA	NA	NA
11_20192	T/C	7H	34740	1	NA	0	-1	1	1	-1	1	1	1	-1	-1	-1	1	1	1	1	-1	NA	NA	NA
12_10218	C/G	7H	40680	1	1	1	1	1	1	-1	1	1	1	-1	-1	-1	1	-1	1	1	-1	NA	NA	NA
12_10979	T/C	7H	48740	-1	-1	-1	-1	-1	-1	-1	-1	1	1	-1	-1	-1	-1	-1	1	-1	1	NA	NA	NA
11_21491	T/A	7H	53000	1	-1	0	1	1	1	1	1	-1	-1	1	1	1	1	1	-1	-1	1	NA	NA	NA
12_30528	T/A	7H	52010	1	1	1	1	1	1	1	1	-1	-1	1	1	1	1	1	-1	1	1	NA	NA	NA
12_10959	T/G	7H	61040	1	-1	1	1	1	1	1	1	1	1	1	1	1	1	1	1	-1	1	NA	NA	NA
11_11014	A/G	7H	62190	1	-1	0	1	1	1	1	1	1	-1	1	1	1	1	1	-1	-1	1	NA	NA	NA
12_30880	A/G	7H	63280	-1	1	-1	-1	-1	-1	-1	-1	-1	-1	-1	-1	-1	-1	-1	-1	1	-1	NA	NA	NA
12_10605	A/G	7H	67690	1	1	1	1	1	1	1	-1	1	-1	1	1	1	1	1	-1	1	-1	NA	NA	NA
11_11098	A/G	7H	71760	1	1	0	1	1	1	1	-1	1	-1	1	1	1	1	1	-1	1	-1	NA	NA	NA
12_30496	T/G	7H	73810	1	1	1	1	1	1	1	-1	1	-1	1	1	1	1	1	-1	1	1	NA	NA	NA
12_11477	A/G	7H	78070	1	1	1	1	1	1	1	1	1	-1	1	1	1	1	1	-1	1	1	NA	NA	NA
11_10534	T/C	7H	78070	-1	-1	1	-1	-1	-1	-1	1	-1	1	-1	-1	-1	-1	-1	1	-1	-1	NA	NA	NA
11_20349	A/G	7H	82990	-1	-1	0	-1	-1	-1	-1	-1	-1	1	-1	-1	-1	-1	-1	1	1	-1	NA	NA	NA
12_30199	A/T	7H	83090	-1	-1	-1	-1	-1	-1	-1	1	-1	1	-1	-1	-1	-1	-1	1	1	-1	NA	NA	NA
11_10303	A/G	7H	84090	1	1	1	1	1	1	1	-1	1	-1	1	1	1	1	1	-1	1	1	NA	NA	NA
11_10143	T/C	7H	84860	-1	1	0	-1	-1	-1	-1	-1	-1	-1	-1	-1	-1	-1	-1	-1	1	-1	NA	NA	NA
11_21201	A/G	7H	95020	1	-1	0	1	1	1	1	1	1	1	1	1	1	1	1	1	-1	1	NA	NA	NA
11_21448	A/G	7H	92000	1	1	-1	1	1	1	1	1	1	-1	1	1	1	1	1	-1	1	-1	NA	NA	NA
11_10169	A/T	7H	104630	-1	1	0	-1	-1	-1	-1	-1	-1	-1	-1	-1	-1	-1	-1	-1	1	-1	NA	NA	NA
11_20092	C/G	7H	110400	-1	1	0	-1	-1	-1	-1	-1	-1	-1	-1	-1	-1	-1	-1	1	1	1	NA	NA	NA
12_10241	A/G	7H	112290	-1	1	-1	-1	-1	-1	-1	-1	-1	-1	-1	-1	-1	-1	-1	-1	1	-1	NA	NA	NA
12_30164	A/G	7H	118700	-1	-1	-1	-1	-1	-1	-1	-1	-1	-1	-1	-1	-1	-1	-1	-1	1	-1	NA	NA	NA
12_30368	T/C	7H	119330	-1	1	-1	-1	-1	-1	-1	-1	-1	-1	-1	-1	-1	-1	-1	-1	-1	-1	NA	NA	NA
11_11243	A/G	7H	125550	-1	-1	0	-1	-1	-1	1	1	-1	-1	-1	-1	-1	-1	-1	-1	-1	-1	NA	NA	NA
11_21229	A/G	7H	133840	1	-1	0	1	1	-1	1	1	1	1	1	1	1	1	1	1	1	-1	NA	NA	NA
12_30380	T/C	7H	142440	1	1	1	1	1	1	1	-1	1	-1	1	1	1	1	-1	1	1	-1	NA	NA	NA
11_10078	C/G	7H	142910	1	1	0	1	1	-1	1	-1	1	-1	1	1	1	1	-1	1	1	-1	NA	NA	NA
12_31282	T/C	7H	145180	1	1	NA	1	1	1	1	-1	1	1	1	1	1	1	1	1	1	-1	NA	NA	NA
11_10454	T/C	7H	146080	1	1	0	1	1	1	-1	-1	-1	1	-1	-1	1	-1	1	-1	1	-1	NA	NA	NA
11_21280	A/T	7H	148210	-1	-1	0	-1	-1	-1	-1	1	1	-1	-1	1	-1	1	-1	1	-1	-1	NA	NA	NA
11_21223	A/G	7H	150360	-1	1	0	-1	-1	-1	1	-1	-1	-1	1	-1	-1	1	-1	-1	1	1	NA	NA	NA
11_10896	T/C	7H	156540	1	1	0	1	1	1	-1	1	1	-1	-1	1	1	1	-1	1	1	-1	NA	NA	NA
12_30826	T/C	7H	167580	1	1	1	1	1	1	1	1	1	-1	1	1	1	1	1	1	1	-1	NA	NA	NA
11_20170	A/G	7H	168940	1	1	0	1	1	1	1	1	1	-1	1	1	1	1	1	1	1	-1	NA	NA	NA
