-8808.16 -5087.47
-8821.88 -5087.47
-8673.38 -5087.47
-8724.43 -5087.47
-8783.21 -5087.47
-8724.61 -5087.47
-8847.46 -5087.47
-8748.56 -5087.47
-8739.79 -5087.47
-8772.35 -5087.47
-8689.91 -5087.47
-8664.68 -5087.47
-8722.77 -5087.47
-8718.53 -5087.47
-8777.04 -5087.47
-8755.41 -5087.47
-8828.09 -5087.47
-8755.79 -5087.47
-8697.15 -5087.47
-8723.05 -5087.47
-8746.59 -5087.47
-8688.12 -5087.47
-8749.18 -5087.47
-8704.9 -5087.47
-8636.34 -5087.47
-8761.15 -5087.47
-8651.99 -5087.47
-8631.52 -5087.47
-8718.19 -5087.47
-8799.53 -5087.47
-8768.11 -5087.47
-8707.01 -5087.47
-8593.37 -5087.47
-8693.09 -5087.47
-8675.93 -5087.47
-8813.71 -5087.47
-8695.06 -5087.47
-8695.57 -5087.47
-8693.37 -5087.47
-8783.23 -5087.47
-8720 -5087.47
-8793.42 -5087.47
-8750.04 -5087.47
-8724.78 -5087.47
-8785.16 -5087.47
-8740.02 -5087.47
-8661.43 -5087.47
-8704.31 -5087.47
-8743.04 -5087.47
-8703.61 -5087.47
-8746.48 -5087.47
-8693.94 -5087.47
-8729.52 -5087.47
-8682.48 -5087.47
-8753.91 -5087.47
-8720.01 -5087.47
-8774.06 -5087.47
-8796.89 -5087.47
-8798.81 -5087.47
-8629.85 -5087.47
-8744.41 -5087.47
-8708.23 -5087.47
-8740.71 -5087.47
-8694.71 -5087.47
-8687.54 -5087.47
-8763.96 -5087.47
-8676.54 -5087.47
-8725.92 -5087.47
-8663.06 -5087.47
-8711.87 -5087.47
-8823.8 -5087.47
-8719.06 -5087.47
-8758.15 -5087.47
-8668.16 -5087.47
-8676.41 -5087.47
-8803.56 -5087.47
-8801.54 -5087.47
-8864.36 -5087.47
-8727.85 -5087.47
-8753.8 -5087.47
-8736.4 -5087.47
-8681.97 -5087.47
-8679.3 -5087.47
-8720.28 -5087.47
-8657.46 -5087.47
-8770.87 -5087.47
-8714.25 -5087.47
-8678.73 -5087.47
-8628.83 -5087.47
-8657.7 -5087.47
-8586.12 -5087.47
-8736.29 -5087.47
-8802.33 -5087.47
-8795.06 -5087.47
-8684.67 -5087.47
-8693.33 -5087.47
-8703.3 -5087.47
-8831.91 -5087.47
-8833.43 -5087.47
-8753.93 -5087.47
