-6128.62 -4829.26
-6112.24 -4829.26
-6191.78 -4829.26
-6152.64 -4829.26
-6063.62 -4829.26
-6197.06 -4829.26
-6064.13 -4829.26
-6091.16 -4829.26
-6031.46 -4829.26
-6064.49 -4829.26
-6047.86 -4829.26
-6076.31 -4829.26
-6183.81 -4829.26
-6169.11 -4829.26
-6160.75 -4829.26
-6271.81 -4829.26
-6159.56 -4829.26
-6165.63 -4829.26
-6176.38 -4829.26
-6136.69 -4829.26
-6104.8 -4829.26
-6132.87 -4829.26
-6234.56 -4829.26
-6101.49 -4829.26
-6171.96 -4829.26
-6114.97 -4829.26
-6242.27 -4829.26
-6161.26 -4829.26
-6127.25 -4829.26
-6229.73 -4829.26
-6097.66 -4829.26
-6137.69 -4829.26
-6191.54 -4829.26
-6131.22 -4829.26
-6106.8 -4829.26
-6160 -4829.26
-6115.22 -4829.26
-6202.03 -4829.26
-6143.34 -4829.26
-6084.02 -4829.26
-6109.43 -4829.26
-6120.17 -4829.26
-6123.71 -4829.26
-6041.97 -4829.26
-6139.11 -4829.26
-6009.07 -4829.26
-6010.95 -4829.26
-6053.66 -4829.26
-6101.86 -4829.26
-6215.34 -4829.26
-6042.02 -4829.26
-6058.77 -4829.26
-6096.55 -4829.26
-6109.08 -4829.26
-6047.89 -4829.26
-6081.74 -4829.26
-6079.53 -4829.26
-6121.68 -4829.26
-6169.54 -4829.26
-6173.04 -4829.26
-6032.07 -4829.26
-6233.56 -4829.26
-6184.54 -4829.26
-6098.25 -4829.26
-6177.46 -4829.26
-6069.66 -4829.26
-6230.56 -4829.26
-6183.17 -4829.26
-6159.08 -4829.26
-6225.93 -4829.26
-6076.46 -4829.26
-6009.4 -4829.26
-6080.8 -4829.26
-6154.48 -4829.26
-6132.86 -4829.26
-6109.32 -4829.26
-6044.03 -4829.26
-6169.14 -4829.26
-6292.64 -4829.26
-6271.35 -4829.26
-6128.07 -4829.26
-6111.41 -4829.26
-6168.18 -4829.26
-6213.38 -4829.26
-6127.12 -4829.26
-6139.7 -4829.26
-6180.1 -4829.26
-6090.21 -4829.26
-6122.89 -4829.26
-6132.7 -4829.26
-6123.79 -4829.26
-6221.87 -4829.26
-6158.11 -4829.26
-6223.67 -4829.26
-6239.8 -4829.26
-6282.87 -4829.26
-6179.82 -4829.26
-6203.54 -4829.26
-6101.88 -4829.26
-6191.05 -4829.26
