-4366.54 -4189.77
-4368.68 -4189.77
-4340.36 -4189.77
-4406.78 -4189.77
-4349.32 -4189.77
-4409.08 -4189.77
-4308.97 -4189.77
-4392.09 -4189.77
-4412.16 -4189.77
-4420.07 -4189.77
-4418.47 -4189.77
-4288.36 -4189.77
-4275.23 -4189.77
-4383.39 -4189.77
-4363.45 -4189.77
-4271.56 -4189.77
-4324.18 -4189.77
-4438.16 -4189.77
-4365.47 -4189.77
-4319.72 -4189.77
-4392.48 -4189.77
-4395.8 -4189.77
-4352.93 -4189.77
-4285.56 -4189.77
-4363.82 -4189.77
-4405.1 -4189.77
-4380.56 -4189.77
-4363.9 -4189.77
-4421.04 -4189.77
-4402.66 -4189.77
-4375.85 -4189.77
-4525.48 -4189.77
-4479.87 -4189.77
-4418.49 -4189.77
-4363.45 -4189.77
-4480.39 -4189.77
-4422.28 -4189.77
-4436.79 -4189.77
-4494.49 -4189.77
-4421.89 -4189.77
-4448.99 -4189.77
-4436.37 -4189.77
-4365.96 -4189.77
-4441.95 -4189.77
-4545.74 -4189.77
-4358.88 -4189.77
-4397.14 -4189.77
-4506.53 -4189.77
-4402.15 -4189.77
-4454.27 -4189.77
-4435.91 -4189.77
-4467.31 -4189.77
-4447.09 -4189.77
-4417.06 -4189.77
-4437.82 -4189.77
-4463.11 -4189.77
-4498.86 -4189.77
-4497.63 -4189.77
-4458.08 -4189.77
-4401.31 -4189.77
-4338.08 -4189.77
-4429.51 -4189.77
-4506.77 -4189.77
-4523.08 -4189.77
-4446.81 -4189.77
-4469.46 -4189.77
-4377.94 -4189.77
-4497.03 -4189.77
-4452.69 -4189.77
-4485.5 -4189.77
-4492.38 -4189.77
-4351.72 -4189.77
-4453.68 -4189.77
-4525.94 -4189.77
-4469.61 -4189.77
-4462.23 -4189.77
-4487.25 -4189.77
-4516.82 -4189.77
-4464.3 -4189.77
-4407.24 -4189.77
-4427.36 -4189.77
-4471.95 -4189.77
-4493.62 -4189.77
-4440.33 -4189.77
-4399.68 -4189.77
-4438.49 -4189.77
-4500.07 -4189.77
-4365.24 -4189.77
-4412.24 -4189.77
-4450.25 -4189.77
-4489.57 -4189.77
-4464.64 -4189.77
-4492.58 -4189.77
-4515.11 -4189.77
-4503.64 -4189.77
-4374.23 -4189.77
-4465.8 -4189.77
-4521.06 -4189.77
-4458.01 -4189.77
-4423.72 -4189.77
