-4794.93 -4524.41
-4787.51 -4524.41
-4836.8 -4524.41
-4776.24 -4524.41
-4803.08 -4524.41
-4761.65 -4524.41
-4772.61 -4524.41
-4826.55 -4524.41
-4823.6 -4524.41
-4886.76 -4524.41
-4855.09 -4524.41
-4824.56 -4524.41
-4807.31 -4524.41
-4792.19 -4524.41
-4690.21 -4524.41
-4815.78 -4524.41
-4881.22 -4524.41
-4767.58 -4524.41
-4817.92 -4524.41
-4905.2 -4524.41
-4929.98 -4524.41
-4883.79 -4524.41
-4789.26 -4524.41
-4775.88 -4524.41
-4784.46 -4524.41
-4769.18 -4524.41
-4755.28 -4524.41
-4802.09 -4524.41
-4799.66 -4524.41
-4742.56 -4524.41
-4679.35 -4524.41
-4717.05 -4524.41
-4781.73 -4524.41
-4680.31 -4524.41
-4813.25 -4524.41
-4800.32 -4524.41
-4814.38 -4524.41
-4735.13 -4524.41
-4736.02 -4524.41
-4804.26 -4524.41
-4798.59 -4524.41
-4757.09 -4524.41
-4843.01 -4524.41
-4804.47 -4524.41
-4851.01 -4524.41
-4879.86 -4524.41
-4829.36 -4524.41
-4777.13 -4524.41
-4746.47 -4524.41
-4695.08 -4524.41
-4775.32 -4524.41
-4741.18 -4524.41
-4690.51 -4524.41
-4804.29 -4524.41
-4763.45 -4524.41
-4747.95 -4524.41
-4750.55 -4524.41
-4711.36 -4524.41
-4670.05 -4524.41
-4798.91 -4524.41
-4726.64 -4524.41
-4768.25 -4524.41
-4745.41 -4524.41
-4756.37 -4524.41
-4770.66 -4524.41
-4781.63 -4524.41
-4711.4 -4524.41
-4753.23 -4524.41
-4735.17 -4524.41
-4703.35 -4524.41
-4784.64 -4524.41
-4710.49 -4524.41
-4899.05 -4524.41
-4728.41 -4524.41
-4770.4 -4524.41
-4797.66 -4524.41
-4673.94 -4524.41
-4775.04 -4524.41
-4762.84 -4524.41
-4783.52 -4524.41
-4839.19 -4524.41
-4792.24 -4524.41
-4820.54 -4524.41
-4718.33 -4524.41
-4712.38 -4524.41
-4809.53 -4524.41
-4827.93 -4524.41
-4794.61 -4524.41
-4746.29 -4524.41
-4805.55 -4524.41
-4821.58 -4524.41
-4744.06 -4524.41
-4784.24 -4524.41
-4748.59 -4524.41
-4777.97 -4524.41
-4758.88 -4524.41
-4759.78 -4524.41
-4800.64 -4524.41
-4708.93 -4524.41
-4700.09 -4524.41
