325.343 -3010.17
443.422 -3010.17
440.529 -3010.17
422.37 -3010.17
444.65 -3010.17
456.475 -3010.17
399.269 -3010.17
480.901 -3010.17
391.383 -3010.17
413.221 -3010.17
386.309 -3010.17
415.864 -3010.17
411.73 -3010.17
457.029 -3010.17
475.757 -3010.17
386.388 -3010.17
432.563 -3010.17
478.673 -3010.17
360.442 -3010.17
424.054 -3010.17
397.66 -3010.17
409.196 -3010.17
395.302 -3010.17
466.172 -3010.17
441.02 -3010.17
446.223 -3010.17
481.176 -3010.17
424.983 -3010.17
372.693 -3010.17
395.984 -3010.17
424.319 -3010.17
419.863 -3010.17
417.337 -3010.17
486.395 -3010.17
512.989 -3010.17
394.668 -3010.17
466.611 -3010.17
410.111 -3010.17
434.688 -3010.17
460.594 -3010.17
459.151 -3010.17
478.759 -3010.17
493.148 -3010.17
487.953 -3010.17
462.605 -3010.17
395.538 -3010.17
469.072 -3010.17
383.832 -3010.17
350.358 -3010.17
454.328 -3010.17
434.364 -3010.17
464.93 -3010.17
438.217 -3010.17
454.381 -3010.17
464.184 -3010.17
460.012 -3010.17
406.135 -3010.17
412.79 -3010.17
402.44 -3010.17
428.716 -3010.17
445.964 -3010.17
453.666 -3010.17
465.489 -3010.17
405.427 -3010.17
366.133 -3010.17
363.027 -3010.17
452.165 -3010.17
360.504 -3010.17
379.613 -3010.17
414.854 -3010.17
392.231 -3010.17
354.884 -3010.17
332.315 -3010.17
404.772 -3010.17
402.925 -3010.17
454.296 -3010.17
449.322 -3010.17
480.131 -3010.17
404.457 -3010.17
437.992 -3010.17
472.177 -3010.17
413.798 -3010.17
442.703 -3010.17
449.773 -3010.17
407.648 -3010.17
430.534 -3010.17
428.204 -3010.17
475.68 -3010.17
384.513 -3010.17
441.393 -3010.17
428.54 -3010.17
440.08 -3010.17
452.548 -3010.17
355.412 -3010.17
459.925 -3010.17
445.413 -3010.17
430.549 -3010.17
443.531 -3010.17
441.424 -3010.17
379.28 -3010.17
