-23949.2 -7516.7
-23909.5 -7516.7
-23897.7 -7516.7
-24014.7 -7516.7
-23882 -7516.7
-24009.7 -7516.7
-23862.3 -7516.7
-23936 -7516.7
-23993.5 -7516.7
-23719.2 -7516.7
-23944.8 -7516.7
-24011.5 -7516.7
-24072.6 -7516.7
-24065.4 -7516.7
-24096.5 -7516.7
-23981.9 -7516.7
-23969.5 -7516.7
-23969.3 -7516.7
-23855.3 -7516.7
-23715.7 -7516.7
-23968.1 -7516.7
-23971.6 -7516.7
-23960.1 -7516.7
-23956 -7516.7
-24088.8 -7516.7
-24000.2 -7516.7
-24108.4 -7516.7
-23973.3 -7516.7
-23992.2 -7516.7
-23833.1 -7516.7
-23866.9 -7516.7
-23797.6 -7516.7
-23823.7 -7516.7
-23812.7 -7516.7
-23942.4 -7516.7
-23788.7 -7516.7
-23780.2 -7516.7
-23967.7 -7516.7
-23915.5 -7516.7
-23971.6 -7516.7
-23974.3 -7516.7
-24046.5 -7516.7
-24068 -7516.7
-23864 -7516.7
-23756.8 -7516.7
-23787 -7516.7
-23826.7 -7516.7
-23890.1 -7516.7
-23985.8 -7516.7
-23870.2 -7516.7
-23945.2 -7516.7
-24031.4 -7516.7
-24096 -7516.7
-24005.7 -7516.7
-23991.6 -7516.7
-23957 -7516.7
-24015.3 -7516.7
-23941 -7516.7
-23892.6 -7516.7
-23689.5 -7516.7
-23756.5 -7516.7
-23837.9 -7516.7
-24021.2 -7516.7
-23839.4 -7516.7
-23834.5 -7516.7
-23993.6 -7516.7
-23784.1 -7516.7
-24001.5 -7516.7
-23883 -7516.7
-23850 -7516.7
-23837.6 -7516.7
-23808.3 -7516.7
-23783.2 -7516.7
-23759.1 -7516.7
-23818 -7516.7
-23831 -7516.7
-23886.9 -7516.7
-24006.5 -7516.7
-24042.4 -7516.7
-24108.4 -7516.7
-24039 -7516.7
-23921 -7516.7
-23925.3 -7516.7
-24052.1 -7516.7
-23869.8 -7516.7
-24028.5 -7516.7
-23889.7 -7516.7
-23883.5 -7516.7
-23800 -7516.7
-23810.3 -7516.7
-23967.8 -7516.7
-23866.6 -7516.7
-23922.2 -7516.7
-23956.7 -7516.7
-23797.7 -7516.7
-23916.4 -7516.7
-24036.3 -7516.7
-24027.8 -7516.7
-24010.5 -7516.7
-24004.2 -7516.7
