3833 -2301.98
3827.08 -2301.98
3841.41 -2301.98
3827.34 -2301.98
3797.18 -2301.98
3786.54 -2301.98
3813.76 -2301.98
3813 -2301.98
3804.83 -2301.98
3780.11 -2301.98
3791.52 -2301.98
3817.46 -2301.98
3808.46 -2301.98
3801.36 -2301.98
3814.12 -2301.98
3840.82 -2301.98
3808.71 -2301.98
3810.44 -2301.98
3795.3 -2301.98
3862.36 -2301.98
3837.19 -2301.98
3878.63 -2301.98
3917.33 -2301.98
3847.6 -2301.98
3813.89 -2301.98
3851.04 -2301.98
3825.55 -2301.98
3937.49 -2301.98
3907.31 -2301.98
3895.75 -2301.98
3833.17 -2301.98
3838.11 -2301.98
3833.08 -2301.98
3840.56 -2301.98
3819.54 -2301.98
3797.2 -2301.98
3834.17 -2301.98
3852.99 -2301.98
3854.29 -2301.98
3916.35 -2301.98
3867.44 -2301.98
3811.53 -2301.98
3840.74 -2301.98
3851.43 -2301.98
3870.81 -2301.98
3860.12 -2301.98
3903.88 -2301.98
3919.38 -2301.98
3858.77 -2301.98
3844.07 -2301.98
3858.42 -2301.98
3918.62 -2301.98
3834.06 -2301.98
3810.25 -2301.98
3853.35 -2301.98
3822.82 -2301.98
3858.3 -2301.98
3827.14 -2301.98
3822.06 -2301.98
3869.95 -2301.98
3858.49 -2301.98
3802.66 -2301.98
3845.15 -2301.98
3843.77 -2301.98
3886.46 -2301.98
3871.19 -2301.98
3863.67 -2301.98
3837.03 -2301.98
3860.64 -2301.98
3857.44 -2301.98
3818.45 -2301.98
3862.67 -2301.98
3888.95 -2301.98
3865.01 -2301.98
3854.58 -2301.98
3828.42 -2301.98
3875.13 -2301.98
3836.15 -2301.98
3891.48 -2301.98
3860.99 -2301.98
3846.18 -2301.98
3852.06 -2301.98
3822.32 -2301.98
3864.62 -2301.98
3877.78 -2301.98
3891.36 -2301.98
3866.09 -2301.98
3827.02 -2301.98
3862.76 -2301.98
3822.06 -2301.98
3810.91 -2301.98
3839.67 -2301.98
3835.54 -2301.98
3819.49 -2301.98
3857.08 -2301.98
3829.58 -2301.98
3846.16 -2301.98
3855.72 -2301.98
3844.72 -2301.98
3855.11 -2301.98
