6500.28
7100.15
6397.22
7161.62
6984.08
6385.05
7042.45
6442.62
6758.31
6554.52
6859.1
5737.18
6525.84
7188.87
6757.59
6183.06
6508.55
6881.78
5723.48
6918.48
6062.96
5954.22
5870.46
5936.18
6964.89
5950.42
5777.2
6656.17
5424.63
6917.72
6881.14
6003.65
5990.65
5848.61
6907.28
6629.32
5456.05
7053.6
6398.87
6159.17
6641.68
6805.25
6026.04
6249.22
5873.73
5994.31
6401.3
5610.39
7057.91
7046.74
6346.05
5592.37
5892.01
6846.96
6629.25
7197.56
6358.99
6105.38
6161.67
6558.81
5670.16
6273.86
6359.39
5751.63
6412.3
6786.13
6582.24
6696.51
5950.56
5915.36
6781.16
6160.28
6673.31
6293.8
6470.85
6963.28
6490.43
6004.96
6153.71
6913.99
6073.26
6548.19
6476.28
6320.81
5564.68
6526.14
6999.1
6810.56
5288.35
6921.08
6228.49
5275.65
6516.08
5971.73
6023.81
5526.23
6172.58
6310.01
6820.01
6242.12
6163.7
5658.8
6339.48
5597.86
6554.33
6580.64
5952.82
6280.88
5990.38
6017.47
7784.71
6949.33
6367.28
6649.59
6688.24
6812.22
6068.2
6117.16
6531.83
6829.43
6052.61
5768.14
6904.91
6097.07
6650.27
6668.75
5230.83
6410.27
6484.86
6745.36
6170.12
7107.84
6206.07
6237.82
6263.17
6233.53
6132.62
6778.1
6606.94
6248
5917.84
5772.4
7133.3
7098.53
6512.84
6399.37
6598.77
5970.35
6311.65
6673.04
6715.54
6500.96
6097.22
6320.42
6188.98
5566
6168.93
6671
6434.72
5718.91
6282
6973.5
6017.54
7362.79
6493.34
6122.27
6521.54
6448.74
5840.07
5922.42
6785.6
5425.95
6210.14
6744.16
5608.55
6324.86
6365.25
7015.8
6108.82
6651.36
6526.4
6109.66
6667.81
6541.9
6336.14
6739.42
6522.67
6433.08
6670.88
6409.07
6254.78
5621.78
6717.5
5691.3
5788.42
6678.42
5353.98
5950.74
6677.94
5109.82
6338.33
6183.42
5965.09
6970.6
6716.84
6020.42
6039.35
7240.42
6323.02
6305.58
7174.12
6495.22
6105.9
5753.92
6353.82
6922.84
6725.06
5997.68
5522.25
5919.24
5470.7
6524.83
7185.59
6579.32
6310.51
6607.23
6194.61
6952.7
6500.24
5765.24
6212.56
6753.43
6284.47
6807.88
5998.42
6462.77
6651.06
5141.36
5555.59
6889.45
5950.27
6439.24
6125.35
6493.6
7025.96
6106.67
5049.14
6568.72
5758.3
6641.75
6662.26
5662.51
5981.19
6224.81
6849.75
6267.89
6163.05
5511.53
6377.03
6318.06
5894.2
6534.46
5396.48
6437.59
6853.73
6073.25
6028.1
6251.19
5911.03
6193.52
6847.65
5818.18
6577.84
6519.31
6259.07
6091.64
6924.45
6047.12
7348.42
6490.35
6581.56
6042.64
6188.19
6601.75
6208.37
6827.56
6496.57
5933.43
7033.18
6106.68
6279.74
6305.49
6652.15
6106.06
7019.99
6359.92
6739.46
7029.24
6395.53
6688.47
6904.37
6887.69
6296.08
5913.33
6195.61
6135.06
6070.32
5674.6
5688.19
6031.78
6449.05
7517.75
7141.62
5871.67
6306.07
7411.99
6224.04
6269.44
6595.46
