13.307
11.966
13.59
11.828
5.476
12.354
13.289
8.695
10.55
9.874
10.935
25.71
11.097
12.268
7.483
9.442
8.604
11.781
6.891
8.439
4.73
11.153
5.54
7.204
10.789
17.701
11.91
9.507
11.676
13.305
8.146
9.199
11.816
6.957
16.553
8.429
13.499
10.091
11.35
13.419
13.248
8.51
9.903
21.029
10.926
19.658
15.127
9.146
6.817
13.234
12.053
16.135
18.616
13.206
13.942
21.223
10.207
10.927
17.341
13.244
15.515
11.909
10.706
9.065
14.476
12.22
17.211
11.104
8.295
21.266
18.02
21.672
10.872
5.585
14.47
15.782
10.293
12.545
11.62
8.709
9.832
13.298
10.201
10.25
17.805
9.047
8.211
11.029
13.367
10.95
9.599
12.232
6.814
8.266
13.889
13.52
8.272
18.017
9.286
13.569
16.302
9.37
9.495
10.603
7.612
7.332
17.112
16.121
5.895
8.557
11.523
4.485
15.782
13.313
15.525
6.939
13.775
8.267
5.085
5.735
11.097
14.29
10.45
14.488
7.412
10.002
12.552
14.304
9.714
18.696
9.324
7.249
9.129
10.209
6.545
7.419
10.347
14
16.687
11.717
9.172
10.487
18.766
6.317
10.41
11.774
11.115
8.646
12.199
9.671
7.087
17.931
10.481
9.099
12.044
12.133
13.688
8.574
4.524
14.245
13.172
12.428
15.641
9.144
10.721
8.363
11.316
9.328
11.364
13.32
9.661
9.152
6.863
8.232
16.985
12.828
16.092
7.715
17.349
11.724
13.578
14.105
14.109
14.481
7.744
15.021
13.694
6.598
14.291
12.24
14.669
9.306
13.139
12.076
9.651
7.971
10.744
12.864
12.36
19.882
7.757
16.797
12.201
9.918
14.858
9.806
11.78
9.235
9.391
10.219
11.637
14.395
12.829
8.749
12.596
19.478
6.541
13.838
12.82
18.752
15.076
8.659
11.312
13.324
9.432
10.678
9.293
7.55
12.182
12.159
18.554
9.778
10.153
9.912
13.31
8.505
12.324
9.765
9.783
15.085
8.697
12.948
16.446
10.132
11.476
11.342
6.197
12.409
8.397
11.622
13.701
7.499
13.692
7.98
10.56
9.932
12.317
9.881
12.438
11.814
11.271
8.119
12.137
15.653
16.396
11.78
14.229
13.937
15.956
8.876
17.817
15.754
11.246
12.293
16.682
4.582
10.303
9.406
8.696
12.042
10.224
8.193
12.315
10.773
15.386
9.605
11.596
6.873
14.043
12.245
16.518
11.648
17.317
8.97
9
13.827
6.652
9.03
17.632
8.203
16.35
11.596
10.782
6.731
11.476
16.558
13.241
17.332
11.347
13.826
11.743
18.315
13.982
4.444
7.855
14.675
6.55
15.978
10.623
