7.332
10.091
13.248
13.826
8.97
6.541
6.957
14.675
12.409
12.36
9.495
11.312
12.828
13.59
21.029
6.814
10.209
10.95
9.806
6.939
12.428
4.485
12.268
16.121
16.558
13.206
11.781
13.289
12.182
14.291
7.419
12.552
11.676
13.324
8.146
17.701
7.249
5.895
6.598
6.545
17.332
8.574
9.306
13.578
8.397
9.03
8.505
17.632
9
12.042
13.937
7.971
7.612
11.097
11.097
11.724
12.245
15.754
8.295
14.488
14.481
12.199
12.948
12.82
11.246
12.076
9.293
11.523
8.876
16.687
16.797
12.232
9.442
9.918
9.932
9.599
5.735
16.518
14.858
9.065
15.978
9.903
17.931
8.697
9.099
10.678
11.78
16.396
6.652
10.347
10.45
5.476
6.731
8.272
12.137
7.855
13.31
8.749
11.816
14.245
10.721
12.053
11.966
12.201
14.105
13.313
8.203
10.207
15.956
7.744
13.241
11.62
11.91
15.085
9.286
11.717
12.354
12.317
6.317
7.483
8.363
19.478
8.439
4.582
9.432
11.342
9.406
9.324
10.487
14.304
6.817
18.315
9.144
7.204
13.499
14.476
14.669
13.889
14.229
15.641
9.912
9.235
10.153
10.303
14.47
10.25
18.616
6.55
10.002
16.092
11.153
16.985
11.78
8.211
11.35
10.744
9.146
10.927
13.692
9.328
8.266
12.324
12.864
11.316
12.293
9.778
8.646
11.814
11.828
9.129
8.557
5.585
9.765
8.695
9.714
12.24
7.715
8.193
12.159
9.507
13.569
12.438
13.775
10.706
12.545
7.412
19.658
13.701
9.391
7.087
8.119
10.41
13.307
11.271
10.926
18.766
15.515
4.73
13.139
12.315
14.043
7.499
19.882
18.02
8.696
15.782
9.605
18.554
9.047
18.696
9.832
17.112
11.648
13.298
10.201
14.109
17.349
9.37
14.395
8.659
11.364
13.942
16.35
15.525
11.743
9.199
17.211
15.386
15.076
17.805
9.172
12.596
13.32
13.234
10.623
13.367
8.232
10.132
14.29
15.021
8.604
15.127
13.694
13.172
13.838
13.688
10.773
9.881
9.152
4.524
13.52
6.891
6.863
11.029
16.446
6.197
7.757
10.481
11.104
11.115
17.341
21.672
16.682
5.54
14
12.044
17.317
18.752
12.22
11.347
13.244
10.935
15.653
17.817
9.783
12.133
11.596
10.782
4.444
7.98
5.085
11.909
10.224
11.476
11.622
9.671
16.302
13.827
16.135
9.651
10.219
9.874
6.873
11.596
18.017
9.661
11.774
21.266
12.829
8.709
21.223
10.55
11.637
8.429
10.789
8.51
13.305
7.55
10.603
15.782
16.553
13.419
25.71
11.476
10.872
8.267
10.56
10.293
13.982
