0.012447	0.020756
0.018986	0.030746
0.013476	0.021520
0.018467	0.029966
0.018509	0.030281
0.014355	0.022545
0.012257	0.022382
0.016149	0.027281
0.030554	0.045576
0.010967	0.017886
0.014271	0.024974
0.011335	0.020470
0.013295	0.021085
0.012239	0.019639
0.013555	0.023460
0.013889	0.023731
0.011730	0.021159
0.017983	0.027696
0.020051	0.032102
0.012260	0.021577
0.017784	0.027513
0.022507	0.033907
0.024402	0.037994
0.019243	0.031249
0.018319	0.028702
0.016781	0.025894
0.010670	0.019374
0.010577	0.019231
0.014083	0.022459
0.014159	0.022537
0.019228	0.031594
0.018185	0.029682
0.013551	0.023283
0.019059	0.031160
0.011101	0.019906
0.012292	0.021865
0.011757	0.019262
0.016266	0.025233
0.011755	0.020882
0.012716	0.022171
0.010740	0.019486
0.014749	0.024955
0.014713	0.023322
0.013069	0.022657
0.020363	0.032530
0.013998	0.022092
0.014351	0.024694
0.012962	0.022461
0.021428	0.034595
0.015062	0.025438
0.013676	0.023563
0.017636	0.029384
0.012086	0.021338
0.016799	0.028105
0.012748	0.022282
0.017171	0.028449
0.011009	0.017944
0.019050	0.029233
0.012581	0.022012
0.014117	0.024646
0.018939	0.030612
0.011631	0.020837
0.012642	0.020469
0.011707	0.020824
0.069339	0.118886
0.025938	0.040061
0.013815	0.023999
0.010368	0.019573
0.015826	0.026414
0.023370	0.035421
0.017168	0.028251
0.012900	0.022432
0.011790	0.021590
0.012035	0.021190
0.021091	0.034119
0.012295	0.021547
0.011149	0.020611
0.022322	0.035246
0.010990	0.017917
0.014982	0.025300
0.010030	0.019051
0.016297	0.027095
0.010158	0.019473
0.013826	0.023847
0.013502	0.023265
0.011202	0.020044
0.011008	0.018476
0.011467	0.020635
0.019974	0.032351
0.016000	0.026840
0.022935	0.036028
0.017519	0.027153
0.013738	0.023560
0.013364	0.023113
0.011818	0.021038
0.013578	0.021763
0.011156	0.020280
0.010394	0.019282
0.011443	0.018542
0.011403	0.020316
0.020751	0.033132
0.011713	0.020796
0.011710	0.020749
0.013563	0.023672
0.013363	0.023097
0.019817	0.031929
0.012011	0.021280
0.015109	0.025596
0.014332	0.024452
0.010690	0.019389
0.012827	0.022437
0.017743	0.028984
0.012488	0.020018
0.011657	0.019043
0.017876	0.029325
0.010921	0.020388
0.010179	0.018684
0.014092	0.022184
0.045822	0.090818
0.014229	0.022461
0.014441	0.024541
0.013425	0.023188
0.013893	0.024024
0.013597	0.021497
0.012592	0.022042
0.015996	0.026595
0.012468	0.019949
0.013568	0.021457
0.015507	0.025990
0.013056	0.022610
0.009569	0.019410
0.012186	0.021390
0.021049	0.033533
0.013996	0.022339
0.011785	0.021738
0.017545	0.029337
0.010758	0.018595
0.019652	0.031569
0.012331	0.019782
0.013572	0.021476
0.010650	0.019283
0.014849	0.025055
0.014102	0.022589
0.012343	0.021937
0.026786	0.041191
0.010591	0.019723
0.014331	0.024335
0.011439	0.019324
0.011644	0.020860
0.010949	0.020307
0.023300	0.036559
0.014965	0.025929
0.011933	0.021049
0.024355	0.063860
0.014317	0.024394
0.011667	0.020937
0.012021	0.021220
0.025579	0.039582
0.010188	0.018711
0.013734	0.022442
0.011875	0.021156
0.021004	0.033567
0.018797	0.030476
0.013055	0.022704
0.029701	0.045556
0.023515	0.036938
0.011559	0.020555
0.011530	0.020573
0.014382	0.024426
-0.002899	0.035606
0.014590	0.024811
0.021639	0.034670
0.014279	0.024313
0.017917	0.029586
0.018459	0.029975
0.010877	0.019675
0.022931	0.036006
0.010299	0.019136
0.011704	0.018961
0.012838	0.020462
0.015048	0.023781
0.011730	0.020820
0.012290	0.021663
0.012414	0.021991
0.011951	0.019242
0.010785	0.019674
0.013901	0.021921
0.015094	0.024247
0.011493	0.018611
0.010643	0.019608
0.019470	0.029635
0.011813	0.019868
0.012186	0.021390
0.017402	0.028548
0.020715	0.031206
0.034794	0.051984
0.012114	0.021453
0.010187	0.018909
0.012372	0.021812
0.017870	0.029170
0.011577	0.020779
0.014670	0.024839
0.016817	0.026158
0.022514	0.035610
0.058314	0.081729
0.026682	0.041025
0.011669	0.020713
0.013055	0.020960
0.015454	0.024050
0.012398	0.021942
0.011726	0.020960
0.012550	0.021903
0.014964	0.023666
0.019382	0.031489
0.024947	0.038766
0.021558	0.034142
0.011742	0.020872
0.011325	0.018366
0.020595	0.032844
0.011297	0.020525
0.023774	0.037119
0.012901	0.023018
0.015754	0.025690
0.012002	0.021543
0.020250	0.032398
0.014155	0.022557
0.011721	0.020836
0.013902	0.024176
0.011654	0.020714
0.016139	0.026881
0.011048	0.019832
0.014229	0.022659
0.020093	0.032179
0.012431	0.021771
0.015432	0.025641
0.013014	0.025018
0.019341	0.029345
0.018547	0.030074
0.019239	0.031340
0.012307	0.020015
0.013649	0.023496
0.013475	0.021537
0.016432	0.027749
0.019078	0.029498
0.013230	0.022243
0.024852	0.038562
0.017777	0.029152
0.013651	0.023483
0.015221	0.024017
0.011768	0.020879
0.019359	0.031174
0.029886	0.045472
0.012270	0.019681
0.022692	0.034157
0.010940	0.019690
0.011197	0.018491
0.021507	0.034400
0.018191	0.029605
0.016149	0.026939
0.010718	0.018216
0.014237	0.024234
0.014861	0.025180
0.010178	0.018697
0.035615	0.052791
0.029871	0.045467
0.010732	0.019475
0.013125	0.022685
0.011377	0.018728
0.013784	0.021915
0.013308	0.023216
0.018467	0.030088
0.019180	0.031016
0.011296	0.020458
0.011524	0.020975
0.016934	0.026205
0.017957	0.029435
0.012905	0.022375
0.012202	0.019618
0.013708	0.024217
0.015968	0.025574
0.015577	0.026167
0.017534	0.028892
0.020708	0.033602
0.046916	0.067395
0.010690	0.019417
0.027836	0.042872
