SNP	VCF_Ref	VCF_Alt	AA	TT	CC	GG	AT	AC	AG	TC	TG	GC	Missing	Check
11_10460	T	C	0	17	2	0	0	0	0	0	0	0	2	OK
12_10636	T	C	0	16	3	0	0	0	0	0	0	0	2	OK
11_21174	T	C	0	17	2	0	0	0	0	1	0	0	1	OK
12_30951	A	T	2	18	0	0	0	0	0	0	0	0	1	OK
12_30948	T	G	0	19	0	1	0	0	0	0	0	0	1	OK
11_10030	G	A	8	0	0	11	0	0	1	0	0	0	1	OK
11_20712	A	G	14	0	0	6	0	0	0	0	0	0	1	OK
11_10186	T	C	0	6	13	0	0	0	0	1	0	0	1	OK
11_10744	G	C	0	0	12	7	0	0	0	0	0	1	1	OK
11_21048	A	C	9	0	10	0	0	1	0	0	0	0	1	OK
12_31276	G	T	0	12	0	8	0	0	0	0	0	0	1	OK
11_20617	C	G	0	0	14	5	0	0	0	0	0	0	2	OK
11_10760	A	G	18	0	0	2	0	0	0	0	0	0	1	OK
12_31177	G	A	6	0	0	14	0	0	0	0	0	0	1	OK
12_11498	C	T	0	1	19	0	0	0	0	0	0	0	1	OK
11_10526	C	T	0	2	17	0	0	0	0	1	0	0	1	OK
12_10506	T	C	0	18	0	0	0	0	0	0	0	0	3	OK
12_30043	T	C	0	17	3	0	0	0	0	0	0	0	1	OK
11_11484	G	A	6	0	0	13	0	0	1	0	0	0	1	OK
11_10075	C	T	0	4	15	0	0	0	0	1	0	0	1	OK
11_20810	C	T	0	7	12	0	0	0	0	1	0	0	1	OK
11_21217	C	T	0	9	11	0	0	0	0	0	0	0	1	OK
11_21053	T	C	0	14	5	0	0	0	0	1	0	0	1	OK
11_10552	C	T	0	1	18	0	0	0	0	1	0	0	1	OK
11_10798	C	T	0	10	9	0	0	0	0	1	0	0	1	OK
11_20432	T	C	0	13	6	0	0	0	0	1	0	0	1	OK
11_20642	C	G	0	0	10	9	0	0	0	0	0	1	1	OK
12_10960	C	G	0	0	10	10	0	0	0	0	0	0	1	OK
12_30298	T	C	0	7	13	0	0	0	0	0	0	0	1	OK
12_30742	T	C	0	16	4	0	0	0	0	0	0	0	1	OK
11_10686	G	A	1	0	0	18	0	0	1	0	0	0	1	OK
11_21126	G	C	0	0	9	10	0	0	0	0	0	1	1	OK
11_20657	A	G	8	0	0	11	0	0	1	0	0	0	1	OK
12_11173	T	C	0	19	1	0	0	0	0	0	0	0	1	OK
11_20220	T	C	0	2	17	0	0	0	0	1	0	0	1	OK
11_20844	A	T	2	17	0	0	1	0	0	0	0	0	1	OK
11_20021	C	A	2	0	17	0	0	1	0	0	0	0	1	OK
12_10905	T	C	0	18	2	0	0	0	0	0	0	0	1	OK
11_10854	G	T	0	6	0	13	0	0	0	0	1	0	1	OK
11_21038	C	G	0	0	16	3	0	0	0	0	0	1	1	OK
11_10586	C	T	0	2	18	0	0	0	0	0	0	0	1	OK
11_10722	A	G	17	0	0	2	0	0	1	0	0	0	1	OK
12_31377	C	G	0	0	17	3	0	0	0	0	0	0	1	OK
11_11038	G	A	2	0	0	17	0	0	1	0	0	0	1	OK
11_20383	A	G	16	0	0	2	0	0	2	0	0	0	1	OK
12_11496	A	G	17	0	0	3	0	0	0	0	0	0	1	OK
12_30277	T	G	0	12	0	8	0	0	0	0	0	0	1	OK
11_10041	C	G	0	0	10	9	0	0	0	0	0	0	2	OK
11_20594	G	A	17	0	0	2	0	0	0	0	0	0	2	OK
11_20840	A	C	2	0	17	0	0	0	0	0	0	0	2	OK
11_10326	C	T	0	15	5	0	0	0	0	0	0	0	1	OK
12_31224	A	T	4	16	0	0	0	0	0	0	0	0	1	OK
11_21377	C	T	0	3	17	0	0	0	0	0	0	0	1	OK
12_30155	T	C	0	17	3	0	0	0	0	0	0	0	1	OK
11_11040	T	C	0	0	18	0	0	0	0	1	0	0	2	OK
11_21265	A	G	0	0	0	20	0	0	0	0	0	0	1	OK
11_10307	C	G	0	0	16	0	0	0	0	0	0	2	3	OK
11_10787	T	C	0	16	3	0	0	0	0	1	0	0	1	OK
11_20864	T	C	0	16	4	0	0	0	0	0	0	0	1	OK
11_21304	G	A	3	0	0	16	0	0	1	0	0	0	1	OK
11_10525	A	C	19	0	1	0	0	0	0	0	0	0	1	OK
11_21338	C	T	0	0	19	0	0	0	0	1	0	0	1	OK
12_30363	A	G	10	0	0	10	0	0	0	0	0	0	1	OK
12_30703	G	A	10	0	0	10	0	0	0	0	0	0	1	OK
12_30604	G	A	9	0	0	11	0	0	0	0	0	0	1	OK
11_10638	A	G	17	0	0	2	0	0	1	0	0	0	1	OK
12_31474	G	C	0	0	8	12	0	0	0	0	0	0	1	OK
12_11272	A	G	9	0	0	11	0	0	0	0	0	0	1	OK
12_10485	T	C	0	15	5	0	0	0	0	0	0	0	1	OK
11_20690	T	C	0	10	9	0	0	0	0	1	0	0	1	OK
12_10545	A	C	11	0	9	0	0	0	0	0	0	0	1	OK
12_31020	A	G	10	0	0	10	0	0	0	0	0	0	1	OK
11_20528	G	T	0	7	0	12	0	0	0	0	1	0	1	OK
12_10650	C	T	0	10	10	0	0	0	0	0	0	0	1	OK
11_20734	C	T	0	13	6	0	0	0	0	1	0	0	1	OK
12_30178	T	C	0	10	10	0	0	0	0	0	0	0	1	OK
11_10196	T	G	0	9	0	10	0	0	0	0	1	0	1	OK
12_20489	A	T	9	11	0	0	0	0	0	0	0	0	1	OK
12_10859	T	C	0	18	2	0	0	0	0	0	0	0	1	OK
12_30900	C	G	0	0	5	15	0	0	0	0	0	0	1	OK
11_10214	A	G	6	0	0	13	0	0	1	0	0	0	1	OK
11_10398	C	A	1	0	19	0	0	0	0	0	0	0	1	OK
11_10900	G	A	1	0	0	18	0	0	1	0	0	0	1	OK
11_20182	T	C	0	17	2	0	0	0	0	1	0	0	1	OK
12_31095	T	C	0	11	9	0	0	0	0	0	0	0	1	OK
11_10780	A	G	7	0	0	12	0	0	0	0	0	0	2	OK
11_21220	T	C	0	14	5	0	0	0	0	1	0	0	1	OK
12_30636	C	A	12	0	8	0	0	0	0	0	0	0	1	OK
11_21370	C	G	0	0	7	12	0	0	0	0	0	1	1	OK
11_10109	G	A	7	0	0	12	0	0	1	0	0	0	1	OK
11_10065	A	G	7	0	0	12	0	0	1	0	0	0	1	OK
11_20895	C	T	0	4	16	0	0	0	0	0	0	0	1	OK
12_30396	G	A	6	0	0	14	0	0	0	0	0	0	1	OK
11_20715	T	C	0	7	13	0	0	0	0	0	0	0	1	OK
11_20590	G	C	0	0	11	8	0	0	0	0	0	1	1	OK
11_10551	G	A	7	0	0	12	0	0	1	0	0	0	1	OK
12_10447	T	G	0	14	0	6	0	0	0	0	0	0	1	OK
11_21250	G	A	11	0	0	8	0	0	1	0	0	0	1	OK
11_11380	C	T	0	5	14	0	0	0	0	1	0	0	1	OK
12_10181	A	G	11	0	0	9	0	0	0	0	0	0	1	OK
11_20293	C	T	0	7	13	0	0	0	0	0	0	0	1	OK
11_21436	G	T	0	2	0	18	0	0	0	0	0	0	1	OK
11_21453	T	C	0	18	1	0	0	0	0	1	0	0	1	OK
12_30102	A	G	18	0	0	2	0	0	0	0	0	0	1	OK
12_31428	T	C	0	14	6	0	0	0	0	0	0	0	1	OK
11_20252	C	T	0	5	14	0	0	0	0	1	0	0	1	OK
11_20159	T	G	0	5	0	14	0	0	0	0	1	0	1	OK
12_30818	G	A	5	0	0	14	0	0	1	0	0	0	1	OK
11_20595	T	G	0	6	0	14	0	0	0	0	0	0	1	OK
12_10571	T	C	0	18	2	0	0	0	0	0	0	0	1	OK
12_30113	C	T	0	19	1	0	0	0	0	0	0	0	1	OK
11_20172	T	G	0	17	0	2	0	0	0	0	1	0	1	OK
11_20742	A	G	11	0	0	7	0	0	2	0	0	0	1	OK
12_30920	C	G	0	0	3	16	0	0	0	0	0	1	1	OK
11_20968	G	A	11	0	0	4	0	0	3	0	0	0	3	OK
12_30571	C	T	0	0	20	0	0	0	0	0	0	0	1	OK
11_10081	T	C	0	18	2	0	0	0	0	0	0	0	1	OK
12_30064	G	A	0	0	0	20	0	0	0	0	0	0	1	OK
12_30474	C	T	0	0	20	0	0	0	0	0	0	0	1	OK
11_11086	G	A	20	0	0	0	0	0	0	0	0	0	1	OK
11_10926	T	A	19	0	0	0	1	0	0	0	0	0	1	OK
11_11016	G	C	0	0	19	0	0	0	0	0	0	1	1	OK
11_20704	A	G	6	0	0	13	0	0	1	0	0	0	1	OK
12_30788	G	C	0	0	15	5	0	0	0	0	0	0	1	OK
11_11314	T	C	0	6	13	0	0	0	0	1	0	0	1	OK
12_31356	C	T	0	6	14	0	0	0	0	0	0	0	1	OK
11_20521	T	A	2	18	0	0	0	0	0	0	0	0	1	OK
12_31346	C	T	0	6	14	0	0	0	0	0	0	0	1	OK
12_31262	G	C	0	0	5	15	0	0	0	0	0	0	1	OK
11_11021	G	A	19	0	0	0	0	0	1	0	0	0	1	OK
11_10253	G	A	0	0	0	19	0	0	1	0	0	0	1	OK
12_30223	C	T	0	5	15	0	0	0	0	0	0	0	1	OK
12_31499	C	T	0	9	11	0	0	0	0	0	0	0	1	OK
12_30084	C	A	1	0	19	0	0	0	0	0	0	0	1	OK
11_11141	A	G	0	0	0	19	0	0	1	0	0	0	1	OK
12_10122	T	C	0	4	16	0	0	0	0	0	0	0	1	OK
12_11154	G	A	0	0	0	20	0	0	0	0	0	0	1	OK
11_20851	G	T	0	7	0	12	0	0	0	0	1	0	1	OK
11_10631	C	A	7	0	11	0	0	2	0	0	0	0	1	OK
11_21266	T	C	0	15	4	0	0	0	0	1	0	0	1	OK
11_21272	C	G	0	0	15	4	0	0	0	0	0	0	2	OK
12_21376	A	C	1	0	19	0	0	0	0	0	0	0	1	OK
12_30921	A	G	5	0	0	15	0	0	0	0	0	0	1	OK
12_30767	T	C	0	6	14	0	0	0	0	0	0	0	1	OK
11_20605	T	G	0	13	0	7	0	0	0	0	0	0	1	OK
12_30736	A	G	4	0	0	16	0	0	0	0	0	0	1	OK
11_11516	T	G	0	6	0	13	0	0	0	0	1	0	1	OK
12_30055	C	T	0	19	1	0	0	0	0	0	0	0	1	OK
12_30764	A	G	15	0	0	5	0	0	0	0	0	0	1	OK
11_10208	A	T	4	15	0	0	1	0	0	0	0	0	1	OK
12_31458	C	T	0	6	14	0	0	0	0	0	0	0	1	OK
12_30540	C	T	0	3	17	0	0	0	0	0	0	0	1	OK
11_10221	G	C	0	0	16	3	0	0	0	0	0	1	1	OK
11_20422	C	G	0	0	15	4	0	0	0	0	0	1	1	OK
11_21418	A	G	12	0	0	8	0	0	0	0	0	0	1	OK
11_20777	C	T	0	15	4	0	0	0	0	1	0	0	1	OK
11_21397	T	C	0	4	15	0	0	0	0	1	0	0	1	OK
12_31313	A	G	20	0	0	0	0	0	0	0	0	0	1	OK
12_10860	A	G	16	0	0	4	0	0	0	0	0	0	1	OK
12_31524	A	G	4	0	0	16	0	0	0	0	0	0	1	OK
11_20012	A	G	15	0	0	4	0	0	1	0	0	0	1	OK
11_20114	T	A	9	10	0	0	1	0	0	0	0	0	1	OK
11_10793	G	C	0	0	14	5	0	0	0	0	0	1	1	OK
11_11405	A	G	5	0	0	15	0	0	0	0	0	0	1	OK
11_11114	C	T	0	14	6	0	0	0	0	0	0	0	1	OK
12_30605	A	G	15	0	0	5	0	0	0	0	0	0	1	OK
11_11244	C	A	1	0	18	0	0	1	0	0	0	0	1	OK
11_20361	T	C	0	14	6	0	0	0	0	0	0	0	1	OK
11_10639	C	T	0	7	13	0	0	0	0	0	0	0	1	OK
12_30755	T	C	0	7	12	0	0	0	0	0	0	0	2	OK
12_31536	T	C	0	5	14	0	0	0	0	0	0	0	2	OK
11_20580	C	T	0	4	15	0	0	0	0	1	0	0	1	OK
11_11513	C	T	0	3	16	0	0	0	0	1	0	0	1	OK
11_10467	A	G	6	0	0	13	0	0	1	0	0	0	1	OK
12_30994	G	A	13	0	0	7	0	0	0	0	0	0	1	OK
12_31362	A	C	18	0	2	0	0	0	0	0	0	0	1	OK
11_10309	A	G	2	0	0	17	0	0	1	0	0	0	1	OK
11_11004	A	G	5	0	0	13	0	0	1	0	0	0	2	OK
11_10523	C	A	11	0	8	0	0	1	0	0	0	0	1	OK
11_20197	T	A	13	6	0	0	1	0	0	0	0	0	1	OK
11_10724	G	C	0	0	6	13	0	0	0	0	0	1	1	OK
11_11213	T	C	0	11	7	0	0	0	0	1	0	0	2	OK
11_20765	C	A	18	0	2	0	0	0	0	0	0	0	1	OK
11_20358	T	C	0	3	16	0	0	0	0	1	0	0	1	OK
11_10588	T	C	0	16	3	0	0	0	0	1	0	0	1	OK
11_20384	G	A	0	0	0	19	0	0	1	0	0	0	1	OK
12_30117	A	G	15	0	0	5	0	0	0	0	0	0	1	OK
11_20119	T	G	0	14	0	5	0	0	0	0	1	0	1	OK
11_20454	A	G	15	0	0	4	0	0	1	0	0	0	1	OK
12_30988	T	A	4	16	0	0	0	0	0	0	0	0	1	OK
11_21111	C	G	0	0	3	16	0	0	0	0	0	1	1	OK
11_20974	C	A	6	0	13	0	0	1	0	0	0	0	1	OK
12_31138	C	T	0	10	10	0	0	0	0	0	0	0	1	OK
11_11299	C	G	0	0	10	9	0	0	0	0	0	1	1	OK
12_30006	T	C	0	13	7	0	0	0	0	0	0	0	1	OK
11_20894	G	C	0	0	16	2	0	0	0	0	0	1	2	OK
12_30979	G	C	0	0	8	12	0	0	0	0	0	0	1	OK
11_20226	C	T	0	9	10	0	0	0	0	0	0	0	2	OK
12_30976	G	A	7	0	0	13	0	0	0	0	0	0	1	OK
11_20206	A	T	6	13	0	0	1	0	0	0	0	0	1	OK
11_21202	T	C	0	4	16	0	0	0	0	0	0	0	1	OK
11_11381	A	G	7	0	0	12	0	0	1	0	0	0	1	OK
11_20533	A	G	4	0	0	15	0	0	1	0	0	0	1	OK
12_31094	C	T	0	4	16	0	0	0	0	0	0	0	1	OK
11_20010	T	C	0	13	6	0	0	0	0	1	0	0	1	OK
11_21065	A	G	16	0	0	3	0	0	1	0	0	0	1	OK
11_10974	C	G	0	0	11	8	0	0	0	0	0	1	1	OK
11_21426	T	C	0	17	2	0	0	0	0	1	0	0	1	OK
11_11048	T	A	11	8	0	0	1	0	0	0	0	0	1	OK
11_10688	C	T	0	9	10	0	0	0	0	1	0	0	1	OK
11_10580	C	T	0	9	10	0	0	0	0	1	0	0	1	OK
11_10621	T	C	0	8	11	0	0	0	0	1	0	0	1	OK
12_30410	C	A	19	0	1	0	0	0	0	0	0	0	1	OK
11_20845	G	A	11	0	0	8	0	0	1	0	0	0	1	OK
11_20903	A	G	19	0	0	1	0	0	0	0	0	0	1	OK
11_20239	T	G	0	15	0	4	0	0	0	0	1	0	1	OK
12_10079	A	G	16	0	0	4	0	0	0	0	0	0	1	OK
11_20367	C	A	3	0	17	0	0	0	0	0	0	0	1	OK
11_20236	C	A	7	0	12	0	0	1	0	0	0	0	1	OK
11_11355	A	G	11	0	0	8	0	0	1	0	0	0	1	OK
11_11290	G	T	0	10	0	9	0	0	0	0	1	0	1	OK
11_10578	A	C	9	0	10	0	0	1	0	0	0	0	1	OK
11_20449	A	T	2	17	0	0	1	0	0	0	0	0	1	OK
11_11350	A	G	0	0	0	19	0	0	1	0	0	0	1	OK
11_20134	G	A	19	0	0	0	0	0	1	0	0	0	1	OK
11_20795	T	C	0	18	2	0	0	0	0	0	0	0	1	OK
12_10507	A	C	15	0	4	0	0	0	0	0	0	0	2	OK
12_30067	A	G	20	0	0	0	0	0	0	0	0	0	1	OK
11_10705	A	G	4	0	0	15	0	0	1	0	0	0	1	OK
11_10783	A	G	14	0	0	5	0	0	1	0	0	0	1	OK
12_30929	T	C	0	19	1	0	0	0	0	0	0	0	1	OK
11_21241	A	G	14	0	0	5	0	0	1	0	0	0	1	OK
12_30635	A	G	15	0	0	5	0	0	0	0	0	0	1	OK
12_30833	C	T	0	1	19	0	0	0	0	0	0	0	1	OK
12_30400	T	G	0	11	0	9	0	0	0	0	0	0	1	OK
11_20388	T	C	0	8	11	0	0	0	0	1	0	0	1	OK
12_10333	A	G	12	0	0	8	0	0	0	0	0	0	1	OK
11_20104	T	C	0	13	7	0	0	0	0	0	0	0	1	OK
11_11490	T	G	0	10	0	9	0	0	0	0	1	0	1	OK
11_10901	T	C	0	11	8	0	0	0	0	1	0	0	1	OK
12_30759	G	T	0	2	0	18	0	0	0	0	0	0	1	OK
11_20545	A	G	8	0	0	11	0	0	1	0	0	0	1	OK
11_20646	T	C	0	11	8	0	0	0	0	1	0	0	1	OK
12_31375	A	C	14	0	5	0	0	1	0	0	0	0	1	OK
12_30566	C	T	0	13	7	0	0	0	0	0	0	0	1	OK
11_20826	G	T	0	17	0	2	0	0	0	0	0	0	2	OK
11_11216	T	C	0	19	0	0	0	0	0	1	0	0	1	OK
11_20686	T	C	0	6	14	0	0	0	0	0	0	0	1	OK
11_10869	G	C	0	0	4	15	0	0	0	0	0	1	1	OK
11_10600	C	T	0	9	10	0	0	0	0	1	0	0	1	OK
12_11450	G	A	16	0	0	4	0	0	0	0	0	0	1	OK
12_30494	G	C	0	0	10	8	0	0	0	0	0	2	1	OK
11_20189	G	C	0	0	11	8	0	0	0	0	0	1	1	OK
12_30769	A	G	8	0	0	12	0	0	0	0	0	0	1	OK
11_20897	G	A	2	0	0	17	0	0	1	0	0	0	1	OK
12_30577	G	A	8	0	0	12	0	0	0	0	0	0	1	OK
12_31352	A	G	15	0	0	5	0	0	0	0	0	0	1	OK
11_21155	A	G	8	0	0	12	0	0	0	0	0	0	1	OK
11_21052	G	A	3	0	0	16	0	0	1	0	0	0	1	OK
12_31292	C	T	0	12	8	0	0	0	0	0	0	0	1	OK
11_10401	A	T	8	12	0	0	0	0	0	0	0	0	1	OK
12_30958	G	A	3	0	0	17	0	0	0	0	0	0	1	OK
12_10857	G	T	0	5	0	15	0	0	0	0	0	0	1	OK
12_30382	G	T	0	2	0	18	0	0	0	0	0	0	1	OK
11_21521	G	C	0	0	16	2	0	0	0	0	0	1	2	OK
11_10669	G	A	17	0	0	2	0	0	1	0	0	0	1	OK
11_11479	T	G	0	16	0	3	0	0	0	0	1	0	1	OK
11_20415	T	C	0	3	16	0	0	0	0	1	0	0	1	OK
12_10554	T	G	0	14	0	6	0	0	0	0	0	0	1	OK
11_21246	T	G	0	9	0	10	0	0	0	0	1	0	1	OK
11_10136	A	G	9	0	0	10	0	0	1	0	0	0	1	OK
11_10676	C	G	0	0	16	3	0	0	0	0	0	1	1	OK
12_30697	T	G	0	12	0	8	0	0	0	0	0	0	1	OK
12_31308	C	G	0	0	12	8	0	0	0	0	0	0	1	OK
11_10994	A	G	9	0	0	11	0	0	0	0	0	0	1	OK
11_10939	G	C	0	0	8	12	0	0	0	0	0	0	1	OK
12_30521	C	T	0	15	5	0	0	0	0	0	0	0	1	OK
12_30361	G	T	0	11	0	9	0	0	0	0	0	0	1	OK
11_10129	C	T	0	8	11	0	0	0	0	1	0	0	1	OK
11_20936	T	C	0	8	11	0	0	0	0	1	0	0	1	OK
11_21281	C	T	0	16	3	0	0	0	0	1	0	0	1	OK
11_20944	C	T	0	9	10	0	0	0	0	1	0	0	1	OK
12_30317	T	C	0	9	11	0	0	0	0	0	0	0	1	OK
11_10539	A	C	10	0	10	0	0	0	0	0	0	0	1	OK
12_30751	A	G	8	0	0	12	0	0	0	0	0	0	1	OK
12_30782	C	A	7	0	13	0	0	0	0	0	0	0	1	OK
11_10003	A	G	16	0	0	3	0	0	1	0	0	0	1	OK
11_20656	C	T	0	16	3	0	0	0	0	1	0	0	1	OK
12_31509	G	A	18	0	0	1	0	0	0	0	0	0	2	OK
12_30511	T	C	0	17	3	0	0	0	0	0	0	0	1	OK
11_11391	A	C	18	0	1	0	0	1	0	0	0	0	1	OK
12_30144	C	T	0	3	17	0	0	0	0	0	0	0	1	OK
11_11067	T	C	0	16	3	0	0	0	0	1	0	0	1	OK
11_10270	A	G	17	0	0	3	0	0	0	0	0	0	1	OK
11_20058	A	G	16	0	0	4	0	0	0	0	0	0	1	OK
11_21069	C	T	0	12	7	0	0	0	0	1	0	0	1	OK
11_10040	G	A	3	0	0	16	0	0	1	0	0	0	1	OK
11_20714	T	C	0	12	7	0	0	0	0	1	0	0	1	OK
11_20673	T	A	8	11	0	0	1	0	0	0	0	0	1	OK
11_11349	A	C	6	0	13	0	0	1	0	0	0	0	1	OK
12_30940	G	C	0	0	9	11	0	0	0	0	0	0	1	OK
12_30573	G	C	0	0	4	16	0	0	0	0	0	0	1	OK
11_20889	C	G	0	0	6	13	0	0	0	0	0	1	1	OK
11_11458	G	A	7	0	0	13	0	0	0	0	0	0	1	OK
11_11147	T	A	2	18	0	0	0	0	0	0	0	0	1	OK
12_31235	C	T	0	9	11	0	0	0	0	0	0	0	1	OK
11_20996	G	T	0	17	0	2	0	0	0	0	0	0	2	OK
11_20972	T	A	19	1	0	0	0	0	0	0	0	0	1	OK
11_20036	C	T	0	18	2	0	0	0	0	0	0	0	1	OK
11_20355	C	T	0	3	16	0	0	0	0	1	0	0	1	OK
11_10239	G	A	2	0	0	17	0	0	1	0	0	0	1	OK
11_21455	A	G	18	0	0	1	0	0	1	0	0	0	1	OK
12_31126	G	A	17	0	0	3	0	0	0	0	0	0	1	OK
11_20005	G	A	2	0	0	17	0	0	1	0	0	0	1	OK
12_30414	C	A	12	0	8	0	0	0	0	0	0	0	1	OK
11_21112	T	C	0	9	10	0	0	0	0	0	0	0	2	OK
11_11111	C	T	0	5	13	0	0	0	0	1	0	0	2	OK
12_30956	G	T	0	9	0	11	0	0	0	0	0	0	1	OK
12_31350	G	A	3	0	0	16	0	0	1	0	0	0	1	OK
12_11433	T	C	0	6	14	0	0	0	0	0	0	0	1	OK
12_31450	T	G	0	12	0	7	0	0	0	0	1	0	1	OK
11_20755	C	T	0	1	18	0	0	0	0	1	0	0	1	OK
11_21437	G	A	7	0	0	11	0	0	2	0	0	0	1	OK
12_31285	G	A	1	0	0	19	0	0	0	0	0	0	1	OK
11_10025	A	G	5	0	0	14	0	0	1	0	0	0	1	OK
12_30530	C	T	0	11	7	0	0	0	0	1	0	0	2	OK
11_20192	G	A	10	0	0	8	0	0	1	0	0	0	2	OK
12_10218	G	C	0	0	12	8	0	0	0	0	0	0	1	OK
12_10979	G	A	3	0	0	16	0	0	1	0	0	0	1	OK
12_30528	A	T	2	17	0	0	1	0	0	0	0	0	1	OK
11_21491	T	A	4	14	0	0	2	0	0	0	0	0	1	OK
12_30545	A	G	17	0	0	3	0	0	0	0	0	0	1	OK
12_10959	T	G	0	17	0	3	0	0	0	0	0	0	1	OK
11_11014	A	G	15	0	0	4	0	0	1	0	0	0	1	OK
12_30880	G	A	3	0	0	17	0	0	0	0	0	0	1	OK
11_11098	T	C	0	14	5	0	0	0	0	1	0	0	1	OK
12_30496	A	C	18	0	2	0	0	0	0	0	0	0	1	OK
12_11477	A	G	19	0	0	1	0	0	0	0	0	0	1	OK
11_10130	T	C	0	19	1	0	0	0	0	0	0	0	1	OK
11_10534	C	T	0	3	17	0	0	0	0	0	0	0	1	OK
11_20349	G	A	1	0	0	18	0	0	1	0	0	0	1	OK
12_30199	A	T	2	18	0	0	0	0	0	0	0	0	1	OK
11_10303	T	C	0	18	2	0	0	0	0	0	0	0	1	OK
11_10143	C	T	0	2	17	0	0	0	0	1	0	0	1	OK
11_21448	A	G	18	0	0	2	0	0	0	0	0	0	1	OK
11_21201	G	A	17	0	0	2	0	0	1	0	0	0	1	OK
11_20103	T	C	0	14	6	0	0	0	0	0	0	0	1	OK
12_30630	A	G	14	0	0	6	0	0	0	0	0	0	1	OK
11_10169	A	T	2	17	0	0	1	0	0	0	0	0	1	OK
11_20092	G	C	0	0	2	17	0	0	0	0	0	1	1	OK
12_10241	C	T	0	2	18	0	0	0	0	0	0	0	1	OK
12_30164	C	T	0	0	20	0	0	0	0	0	0	0	1	OK
12_30368	C	T	0	2	18	0	0	0	0	0	0	0	1	OK
11_11243	G	A	2	0	0	17	0	0	1	0	0	0	1	OK
11_21229	A	G	15	0	0	3	0	0	1	0	0	0	2	OK
12_30380	T	C	0	16	4	0	0	0	0	0	0	0	1	OK
11_10078	C	G	0	0	13	6	0	0	0	0	0	1	1	OK
12_31282	T	C	0	17	2	0	0	0	0	0	0	0	2	OK
11_10454	C	T	0	9	9	0	0	0	0	1	0	0	2	OK
11_21280	T	A	10	9	0	0	1	0	0	0	0	0	1	OK
12_31491	G	A	2	0	0	18	0	0	0	0	0	0	1	OK
11_21223	C	T	0	4	15	0	0	0	0	1	0	0	1	OK
12_31166	A	G	13	0	0	7	0	0	0	0	0	0	1	OK
11_10896	A	G	15	0	0	4	0	0	1	0	0	0	1	OK
12_30826	T	C	0	17	3	0	0	0	0	0	0	0	1	OK
11_20170	T	C	0	16	3	0	0	0	0	1	0	0	1	OK
11_10782	T	C	0	14	4	0	0	0	0	2	0	0	1	OK
11_21400	C	T	0	15	4	0	0	0	0	1	0	0	1	OK
11_10695	C	G	0	0	13	6	0	0	0	0	0	1	1	OK
11_21480	T	C	0	11	9	0	0	0	0	0	0	0	1	OK
11_20100	A	C	3	0	17	0	0	0	0	0	0	0	1	OK
11_20868	G	C	0	0	10	9	0	0	0	0	0	0	2	OK
11_20266	A	G	3	0	0	16	0	0	1	0	0	0	1	OK
12_10605	T	C	0	15	5	0	0	0	0	0	0	0	1	OK
11_10279	T	A	11	8	0	0	1	0	0	0	0	0	1	OK
11_10427	A	G	4	0	0	15	0	0	1	0	0	0	1	OK
11_20904	C	T	0	4	15	0	0	0	0	1	0	0	1	OK
