11.855429	0.941678
11.858822	0.941948
11.858822	0.941948
11.858822	0.941948
11.712226	0.930304
11.858822	0.941948
12.228507	0.971312
11.858822	0.941948
11.342837	0.900963
11.858822	0.941948
11.859337	0.941989
11.858822	0.941948
11.855429	0.941678
11.858822	0.941948
11.858822	0.941948
12.172865	0.966892
11.858822	0.941948
11.858822	0.941948
11.858822	0.941948
11.858822	0.941948
11.855429	0.941678
11.342837	0.900963
11.712226	0.930304
11.818253	0.938726
11.858822	0.941948
12.228507	0.971312
11.768212	0.934751
11.858822	0.941948
11.738697	0.932406
11.858822	0.941948
11.858822	0.941948
11.858822	0.941948
11.858822	0.941948
11.858822	0.941948
11.712226	0.930304
11.858822	0.941948
11.858822	0.941948
12.141573	0.964407
11.342837	0.900963
11.768212	0.934751
11.858822	0.941948
11.858822	0.941948
11.858822	0.941948
11.858822	0.941948
11.497327	0.913234
11.342837	0.900963
11.858822	0.941948
11.858822	0.941948
11.712226	0.930304
11.497327	0.913234
11.858822	0.941948
11.858822	0.941948
11.342837	0.900963
11.858822	0.941948
11.858822	0.941948
11.858822	0.941948
11.497327	0.913234
11.768212	0.934751
11.342837	0.900963
11.342837	0.900963
11.858822	0.941948
11.858822	0.941948
11.818253	0.938726
11.858822	0.941948
11.738697	0.932406
11.342837	0.900963
11.858822	0.941948
11.858822	0.941948
12.212545	0.970044
11.712226	0.930304
11.858822	0.941948
11.855429	0.941678
11.342837	0.900963
11.858822	0.941948
11.858822	0.941948
11.712226	0.930304
11.858822	0.941948
11.858822	0.941948
11.858822	0.941948
11.858822	0.941948
11.858822	0.941948
11.738697	0.932406
11.712226	0.930304
11.712226	0.930304
12.172865	0.966892
11.342837	0.900963
11.858822	0.941948
12.230306	0.971455
12.141573	0.964407
11.768212	0.934751
11.738697	0.932406
11.858822	0.941948
11.858822	0.941948
12.264480	0.974169
11.858822	0.941948
11.858822	0.941948
11.858822	0.941948
11.768212	0.934751
12.172865	0.966892
11.342837	0.900963
12.093764	0.960609
11.743406	0.932780
12.012761	0.954175
11.858822	0.941948
12.141573	0.964407
12.264480	0.974169
11.768212	0.934751
12.141573	0.964407
11.858822	0.941948
11.818253	0.938726
11.858822	0.941948
11.858822	0.941948
11.858822	0.941948
12.228507	0.971312
11.858822	0.941948
11.712226	0.930304
11.858822	0.941948
11.858822	0.941948
11.342837	0.900963
11.859337	0.941989
11.858822	0.941948
11.858822	0.941948
11.858822	0.941948
12.012761	0.954175
11.858822	0.941948
12.264480	0.974169
11.818253	0.938726
11.858822	0.941948
12.264480	0.974169
11.738697	0.932406
12.230306	0.971455
11.342837	0.900963
11.858822	0.941948
11.342837	0.900963
11.858822	0.941948
11.342837	0.900963
11.858822	0.941948
11.858822	0.941948
11.342837	0.900963
11.858822	0.941948
11.858822	0.941948
11.738697	0.932406
11.858822	0.941948
11.858822	0.941948
11.497327	0.913234
11.712226	0.930304
11.830197	0.939674
11.800023	0.937278
11.858822	0.941948
11.858822	0.941948
12.164046	0.966192
12.228507	0.971312
11.858822	0.941948
11.858822	0.941948
11.858822	0.941948
11.858822	0.941948
11.712226	0.930304
11.342837	0.900963
11.858822	0.941948
11.712226	0.930304
11.858822	0.941948
12.238910	0.972138
11.858822	0.941948
11.858822	0.941948
11.497327	0.913234
11.497327	0.913234
11.858822	0.941948
11.858822	0.941948
11.858822	0.941948
11.858822	0.941948
11.858822	0.941948
12.264480	0.974169
12.230757	0.971491
11.858822	0.941948
11.726943	0.931473
11.858822	0.941948
11.911341	0.946120
11.858822	0.941948
11.858822	0.941948
12.255416	0.973450
12.228507	0.971312
11.858822	0.941948
11.858822	0.941948
11.342837	0.900963
11.858822	0.941948
11.712226	0.930304
12.212545	0.970044
11.858822	0.941948
11.858822	0.941948
11.342837	0.900963
12.141573	0.964407
11.858822	0.941948
11.342837	0.900963
11.858822	0.941948
11.712226	0.930304
11.858822	0.941948
11.858822	0.941948
11.855429	0.941678
11.342837	0.900963
11.342837	0.900963
11.712226	0.930304
11.858822	0.941948
11.342837	0.900963
12.230757	0.971491
11.743406	0.932780
11.858822	0.941948
11.768212	0.934751
11.726943	0.931473
11.858822	0.941948
11.858822	0.941948
11.858822	0.941948
12.228507	0.971312
11.726943	0.931473
12.141573	0.964407
11.858822	0.941948
11.858822	0.941948
11.858822	0.941948
12.216834	0.970385
11.858822	0.941948
11.712226	0.930304
11.858822	0.941948
12.264480	0.974169
11.726943	0.931473
11.768212	0.934751
11.858822	0.941948
11.342837	0.900963
11.858822	0.941948
11.712226	0.930304
11.768212	0.934751
11.858822	0.941948
11.342837	0.900963
11.858822	0.941948
11.859337	0.941989
11.858822	0.941948
12.093764	0.960609
11.858822	0.941948
11.858822	0.941948
11.342837	0.900963
11.858822	0.941948
11.858822	0.941948
11.342837	0.900963
11.342837	0.900963
11.858822	0.941948
11.911341	0.946120
11.858822	0.941948
11.858822	0.941948
11.352986	0.901769
11.342837	0.900963
11.855429	0.941678
11.858822	0.941948
12.141573	0.964407
12.164046	0.966192
12.264480	0.974169
11.858822	0.941948
11.738697	0.932406
11.858822	0.941948
11.858822	0.941948
11.342837	0.900963
12.264480	0.974169
12.264480	0.974169
11.858822	0.941948
11.712226	0.930304
11.726943	0.931473
11.858822	0.941948
11.858822	0.941948
11.768212	0.934751
11.858822	0.941948
11.858822	0.941948
11.858822	0.941948
12.255416	0.973450
11.858822	0.941948
12.212545	0.970044
11.858822	0.941948
11.342837	0.900963
11.858822	0.941948
11.858822	0.941948
11.858822	0.941948
12.255416	0.973450
11.858822	0.941948
11.858822	0.941948
11.858822	0.941948
12.228507	0.971312
11.855429	0.941678
11.858822	0.941948
11.858822	0.941948
11.855429	0.941678
11.726943	0.931473
11.726943	0.931473
11.768212	0.934751
11.342837	0.900963
11.858822	0.941948
11.858822	0.941948
11.858822	0.941948
11.858822	0.941948
11.830197	0.939674
12.141573	0.964407
11.738697	0.932406
12.264480	0.974169
11.855429	0.941678
11.858822	0.941948
11.858822	0.941948
11.858822	0.941948
12.172865	0.966892
12.208623	0.969733
11.342837	0.900963
11.858822	0.941948
11.726943	0.931473
11.342837	0.900963
11.858822	0.941948
11.858822	0.941948
11.712226	0.930304
11.858822	0.941948
11.858822	0.941948
11.858822	0.941948
11.497327	0.913234
11.858822	0.941948
11.712226	0.930304
11.858822	0.941948
11.858822	0.941948
11.497327	0.913234
11.858822	0.941948
11.712226	0.930304
11.342837	0.900963
11.342837	0.900963
11.768212	0.934751
12.230306	0.971455
11.497327	0.913234
11.342837	0.900963
11.726943	0.931473
11.858822	0.941948
11.858822	0.941948
11.858822	0.941948
11.858822	0.941948
12.141573	0.964407
12.230306	0.971455
11.858822	0.941948
11.738697	0.932406
11.858822	0.941948
11.726943	0.931473
11.858822	0.941948
11.969541	0.950742
11.818253	0.938726
11.342837	0.900963
11.858822	0.941948
11.858822	0.941948
11.497327	0.913234
11.342837	0.900963
12.264480	0.974169
12.264480	0.974169
11.858822	0.941948
11.858822	0.941948
12.212545	0.970044
11.342837	0.900963
12.230757	0.971491
11.800023	0.937278
12.264480	0.974169
11.858822	0.941948
11.768212	0.934751
11.768212	0.934751
11.858822	0.941948
11.342837	0.900963
11.858822	0.941948
11.858822	0.941948
11.858822	0.941948
11.858822	0.941948
11.859337	0.941989
12.172865	0.966892
11.726943	0.931473
11.855429	0.941678
11.858822	0.941948
11.858822	0.941948
12.284535	0.975762
11.768212	0.934751
12.230306	0.971455
12.172865	0.966892
11.726943	0.931473
11.497327	0.913234
11.818253	0.938726
11.858822	0.941948
11.858822	0.941948
11.712226	0.930304
11.858822	0.941948
11.858822	0.941948
11.726943	0.931473
11.858822	0.941948
11.858822	0.941948
12.216834	0.970385
11.858822	0.941948
11.768212	0.934751
11.858822	0.941948
11.768212	0.934751
11.726943	0.931473
11.738697	0.932406
11.858822	0.941948
11.497327	0.913234
11.855429	0.941678
12.264480	0.974169
11.800023	0.937278
12.264480	0.974169
11.858822	0.941948
11.858822	0.941948
11.342837	0.900963
11.726943	0.931473
11.738697	0.932406
11.768212	0.934751
11.858822	0.941948
11.858822	0.941948
11.726943	0.931473
11.858822	0.941948
11.342837	0.900963
11.858822	0.941948
11.342837	0.900963
11.738697	0.932406
11.342837	0.900963
11.858822	0.941948
12.228507	0.971312
11.859337	0.941989
12.172865	0.966892
11.342837	0.900963
11.858822	0.941948
11.858822	0.941948
11.858822	0.941948
12.212545	0.970044
11.342837	0.900963
11.858822	0.941948
11.859337	0.941989
11.738697	0.932406
11.858822	0.941948
11.858822	0.941948
12.172865	0.966892
11.858822	0.941948
11.858822	0.941948
11.858822	0.941948
11.858822	0.941948
11.858822	0.941948
11.855429	0.941678
12.172865	0.966892
11.858822	0.941948
11.858822	0.941948
11.858822	0.941948
11.858822	0.941948
11.855429	0.941678
11.858822	0.941948
11.497327	0.913234
11.855429	0.941678
12.228507	0.971312
11.858822	0.941948
11.342837	0.900963
11.768212	0.934751
11.858822	0.941948
11.858822	0.941948
11.858822	0.941948
12.141573	0.964407
11.712226	0.930304
11.858822	0.941948
11.858822	0.941948
11.726943	0.931473
11.342837	0.900963
11.726943	0.931473
11.858822	0.941948
11.911341	0.946120
11.342837	0.900963
12.264480	0.974169
11.768212	0.934751
12.141573	0.964407
11.497327	0.913234
11.497327	0.913234
11.768212	0.934751
11.497327	0.913234
11.712226	0.930304
11.858822	0.941948
11.855429	0.941678
12.228507	0.971312
12.141573	0.964407
11.858822	0.941948
11.858822	0.941948
11.768212	0.934751
11.712226	0.930304
11.858822	0.941948
11.858822	0.941948
11.858822	0.941948
11.738697	0.932406
11.858822	0.941948
11.858822	0.941948
11.858822	0.941948
11.859337	0.941989
12.216834	0.970385
11.858822	0.941948
11.855429	0.941678
12.141573	0.964407
12.230306	0.971455
11.858822	0.941948
11.858822	0.941948
11.858822	0.941948
11.858822	0.941948
12.012761	0.954175
12.164046	0.966192
11.497327	0.913234
11.768212	0.934751
11.969541	0.950742
