chr	starting	ending	codon_nb	del_SNP_nb	delSNP_codonNb
chr1H	0	10000000	99855	6739	0.0674878573932202
chr1H	10000000	20000000	44337	2988	0.0673929223898775
chr1H	20000000	30000000	42891	2369	0.0552330325709356
chr1H	30000000	40000000	30950	2280	0.0736672051696284
chr1H	40000000	50000000	17623	1311	0.0743914203030131
chr1H	50000000	60000000	21841	1241	0.0568197426857745
chr1H	60000000	70000000	13220	738	0.0558245083207262
chr1H	70000000	80000000	22644	1798	0.0794029323441088
chr1H	80000000	90000000	25413	1180	0.0464329280289616
chr1H	90000000	100000000	15094	718	0.0475685702928316
chr1H	100000000	110000000	15929	474	0.0297570468955992
chr1H	110000000	120000000	10551	135	0.0127949957350014
chr1H	120000000	130000000	9436	157	0.0166384061042815
chr1H	130000000	140000000	9194	401	0.0436154013487057
chr1H	140000000	150000000	8445	311	0.0368265245707519
chr1H	150000000	160000000	6838	192	0.0280783854928342
chr1H	160000000	170000000	7595	191	0.0251481237656353
chr1H	170000000	180000000	6274	254	0.0404845393688237
chr1H	180000000	190000000	8185	193	0.0235797189981674
chr1H	190000000	200000000	6265	197	0.0314445331205108
chr1H	200000000	210000000	3686	183	0.0496473141616929
chr1H	210000000	220000000	3471	284	0.0818208009219245
chr1H	220000000	230000000	3681	497	0.135017658245042
chr1H	230000000	240000000	5875	350	0.0595744680851064
chr1H	240000000	250000000	8577	138	0.0160895417978314
chr1H	250000000	260000000	9996	382	0.0382152861144458
chr1H	260000000	270000000	13454	172	0.0127843020663
chr1H	270000000	280000000	14421	173	0.0119963941474239
chr1H	280000000	290000000	17760	364	0.0204954954954955
chr1H	290000000	300000000	9888	86	0.00869741100323625
chr1H	300000000	310000000	13291	260	0.0195621096982921
chr1H	310000000	320000000	15165	729	0.0480712166172107
chr1H	320000000	330000000	21392	1002	0.0468399401645475
chr1H	330000000	340000000	6879	794	0.115423753452537
chr1H	340000000	350000000	14001	790	0.0564245411042068
chr1H	350000000	360000000	14335	824	0.0574816881757935
chr1H	360000000	370000000	24732	1040	0.042050784408863
chr1H	370000000	380000000	22006	814	0.0369899118422248
chr1H	380000000	390000000	25621	363	0.0141680652589673
chr1H	390000000	400000000	25014	834	0.0333413288558407
chr1H	400000000	410000000	30120	1236	0.0410358565737052
chr1H	410000000	420000000	28039	977	0.0348443239773173
chr1H	420000000	430000000	24147	1157	0.0479148548473931
chr1H	430000000	440000000	28369	955	0.0336635059395819
chr1H	440000000	450000000	29890	1395	0.0466711274673804
chr1H	450000000	460000000	34647	1440	0.0415620400034635
chr1H	460000000	470000000	29269	1197	0.0408965116676347
chr1H	470000000	480000000	30563	1298	0.0424696528482152
chr1H	480000000	490000000	40852	694	0.0169881523548419
chr1H	490000000	500000000	44365	611	0.0137721176603178
chr1H	500000000	510000000	35216	534	0.0151635620172649
chr1H	510000000	520000000	58267.1481029645	1579	0.0270993184222734
chr1H	520000000	530000000	73566.8518970355	2728	0.0370819184137187
chr1H	530000000	540000000	84477	2510	0.0297122293642056
chr1H	540000000	550000000	64903	3917	0.0603516016208804
chr1H	550000000	558535432	58931	3789	0.064295532062921
chr2H	0	10000000	85816	7917	0.0922555234455113
chr2H	10000000	20000000	80229	6579	0.0820027670792357
chr2H	20000000	30000000	60263	1307	0.0216882664321391
chr2H	30000000	40000000	46627	1307	0.0280309691809467
chr2H	40000000	50000000	28238	1093	0.0387067072738863
chr2H	50000000	60000000	29483	2068	0.0701421157955432
chr2H	60000000	70000000	36635	1563	0.0426641190118739
chr2H	70000000	80000000	31768	2777	0.0874150088139008
chr2H	80000000	90000000	26777	1589	0.0593419725884154
chr2H	90000000	100000000	22169	1441	0.0650006766205061
chr2H	100000000	110000000	16009	859	0.0536573177587607
chr2H	110000000	120000000	21178	1009	0.0476437812824629
chr2H	120000000	130000000	17196	1001	0.0582112119097465
chr2H	130000000	140000000	16502	186	0.0112713610471458
chr2H	140000000	150000000	13128	565	0.0430377818403413
chr2H	150000000	160000000	8952	644	0.0719392314566577
chr2H	160000000	170000000	15346	605	0.0394239541248534
chr2H	170000000	180000000	15796	440	0.0278551532033426
chr2H	180000000	190000000	11090	404	0.036429215509468
chr2H	190000000	200000000	18308	291	0.015894690845532
chr2H	200000000	210000000	15084	157	0.010408379740122
chr2H	210000000	220000000	13922	220	0.0158023272518316
chr2H	220000000	230000000	5190	245	0.0472061657032755
chr2H	230000000	240000000	22957	307	0.013372827460034
chr2H	240000000	250000000	11503	439	0.0381639572285491
chr2H	250000000	260000000	9883	191	0.0193261155519579
chr2H	260000000	270000000	9070	221	0.0243660418963616
chr2H	270000000	280000000	5975	419	0.0701255230125523
chr2H	280000000	290000000	6792.69315763627	166	0.0244380242339351
chr2H	290000000	300000000	6865.30684236373	362	0.0527288886443076
chr2H	300000000	310000000	8464	357	0.0421786389413989
chr2H	310000000	320000000	2188	180	0.0822669104204753
chr2H	320000000	330000000	5487	150	0.0273373428102788
chr2H	330000000	340000000	3758	188	0.0500266098988824
chr2H	340000000	350000000	4752	274	0.0576599326599327
chr2H	350000000	360000000	3763	157	0.0417220302949774
chr2H	360000000	370000000	6359	419	0.065890863343293
chr2H	370000000	380000000	6375	84	0.0131764705882353
chr2H	380000000	390000000	7481	209	0.0279374415185136
chr2H	390000000	400000000	9171	352	0.0383818558499618
chr2H	400000000	410000000	13876	248	0.0178725857595849
chr2H	410000000	420000000	5801	139	0.0239613859679366
chr2H	420000000	430000000	12015	280	0.023304203079484
chr2H	430000000	440000000	19076	266	0.0139442231075697
chr2H	440000000	450000000	9017	108	0.0119773760674282
chr2H	450000000	460000000	9996	350	0.0350140056022409
chr2H	460000000	470000000	9781	195	0.0199366117983846
chr2H	470000000	480000000	14447	321	0.0222191458434277
chr2H	480000000	490000000	11431	356	0.0311433820313183
chr2H	490000000	500000000	11245	495	0.0440195642507781
chr2H	500000000	510000000	10541	254	0.0240963855421687
chr2H	510000000	520000000	13748	329	0.0239307535641548
chr2H	520000000	530000000	14394	394	0.027372516326247
chr2H	530000000	540000000	14529	548	0.0377176681120518
chr2H	540000000	550000000	19947	356	0.0178472953326315
chr2H	550000000	560000000	17230	330	0.0191526407428903
chr2H	560000000	570000000	13459	401	0.0297941897614979
chr2H	570000000	580000000	20144	346	0.017176330420969
chr2H	580000000	590000000	18730	801	0.0427656166577683
chr2H	590000000	600000000	22505	380	0.016885136636303
chr2H	600000000	610000000	23089	481	0.0208324310277621
chr2H	610000000	620000000	22987	1485	0.0646017314134076
chr2H	620000000	630000000	34232	2120	0.0619303575601776
chr2H	630000000	640000000	26927.5441607367	2064	0.0766501388941936
chr2H	640000000	650000000	37249.4558392633	1381	0.0370743670983869
chr2H	650000000	660000000	35215	540	0.015334374556297
chr2H	660000000	670000000	24191	262	0.0108304741432764
chr2H	670000000	680000000	34423	778	0.0226011678238387
chr2H	680000000	690000000	48804	913	0.0187074829931973
chr2H	690000000	700000000	58558	1388	0.0237029953208784
chr2H	700000000	710000000	57442	1812	0.0315448626440584
chr2H	710000000	720000000	60828	2844	0.0467547839810614
chr2H	720000000	730000000	45246	2482	0.0548556778499757
chr2H	730000000	740000000	58031	2789	0.0480605193775741
chr2H	740000000	750000000	63621.6160656115	4109	0.0645849674073429
chr2H	750000000	760000000	66465.3839343885	3592	0.0540431693518216
chr2H	760000000	768075024	49805	4443	0.0892079108523241
chr3H	0	10000000	72533	5046	0.0695683344133015
chr3H	10000000	20000000	65478.6874057315	6913	0.105576337490768
chr3H	20000000	30000000	54522.3125942685	2140	0.0392499858897211
chr3H	30000000	40000000	51798	1854	0.035792887756284
chr3H	40000000	50000000	41119	1694	0.0411974999392009
chr3H	50000000	60000000	19376	429	0.0221407927332783
chr3H	60000000	70000000	21295	880	0.0413242545198403
chr3H	70000000	80000000	15994	1084	0.0677754157809178
chr3H	80000000	90000000	21829	661	0.030280819093866
chr3H	90000000	100000000	14253	216	0.0151547042727847
chr3H	100000000	110000000	18696	339	0.0181322207958922
chr3H	110000000	120000000	12973	287	0.022122870577353
chr3H	120000000	130000000	12188	407	0.0333935018050542
chr3H	130000000	140000000	18888	150	0.00794155019059721
chr3H	140000000	150000000	13392	706	0.0527180406212664
chr3H	150000000	160000000	13140	156	0.0118721461187215
chr3H	160000000	170000000	14580	218	0.0149519890260631
chr3H	170000000	180000000	12626	348	0.0275621732932045
chr3H	180000000	190000000	12158	418	0.0343806547129462
chr3H	190000000	200000000	14180	302	0.0212976022566996
chr3H	200000000	210000000	15123	851	0.0562719037228063
chr3H	210000000	220000000	11281	801	0.0710043435865615
chr3H	220000000	230000000	10675	325	0.0304449648711944
chr3H	230000000	240000000	9506	267	0.0280875236692615
chr3H	240000000	250000000	6492	331	0.0509858287122612
chr3H	250000000	260000000	5285	252	0.047682119205298
chr3H	260000000	270000000	5721	258	0.0450970110120608
chr3H	270000000	280000000	5922	241	0.0406957109084769
chr3H	280000000	290000000	7771	238	0.0306266889718183
chr3H	290000000	300000000	6079	298	0.0490212205954927
chr3H	300000000	310000000	4645	329	0.0708288482238967
chr3H	310000000	320000000	5078	223	0.043914927136668
chr3H	320000000	330000000	6964	159	0.0228317059161402
chr3H	330000000	340000000	5636	161	0.0285663591199432
chr3H	340000000	350000000	5302	151	0.0284798189362505
chr3H	350000000	360000000	11930	87	0.00729253981559095
chr3H	360000000	370000000	12018	264	0.0219670494258612
chr3H	370000000	380000000	9860	166	0.0168356997971602
chr3H	380000000	390000000	12813.6043724337	240	0.018730092878185
chr3H	390000000	400000000	15722.3956275663	144	0.00915890958420629
chr3H	400000000	410000000	11969	124	0.0103600969170357
chr3H	410000000	420000000	12842	230	0.017909982868712
chr3H	420000000	430000000	15980	435	0.0272215269086358
chr3H	430000000	440000000	13608	489	0.0359347442680776
chr3H	440000000	450000000	17369	155	0.00892394495941044
chr3H	450000000	460000000	10466	238	0.0227403019300592
chr3H	460000000	470000000	20705	1073	0.0518232311035982
chr3H	470000000	480000000	16237.5029448142	547	0.03368744577655
chr3H	480000000	490000000	15264.4099228532	124	0.0081234715673059
chr3H	490000000	500000000	23583.0871323326	429	0.0181910026279739
chr3H	500000000	510000000	21078	858	0.0407059493310561
chr3H	510000000	520000000	28112	1276	0.0453898690950484
chr3H	520000000	530000000	24937	1444	0.0579059229257729
chr3H	530000000	540000000	27071	1353	0.0499796830556684
chr3H	540000000	550000000	24397	1277	0.0523425011271878
chr3H	550000000	560000000	37411	825	0.0220523375477801
chr3H	560000000	570000000	35786	911	0.0254568825797798
chr3H	570000000	580000000	36344	555	0.0152707462029496
chr3H	580000000	590000000	37279	713	0.0191260495184957
chr3H	590000000	600000000	37153	485	0.0130541275267139
chr3H	600000000	610000000	36676	515	0.014041880248664
chr3H	610000000	620000000	47282	630	0.0133243094623747
chr3H	620000000	630000000	57770	983	0.0170157521204778
chr3H	630000000	640000000	50316	1468	0.0291756101438906
chr3H	640000000	650000000	44794	865	0.019310621958298
chr3H	650000000	660000000	55317	3355	0.0606504329591265
chr3H	660000000	670000000	53340	6230	0.116797900262467
chr3H	670000000	680000000	58743	4147	0.0705956454386055
chr3H	680000000	690000000	57067	4924	0.0862845427304747
chr3H	690000000	699711114	52665	1855	0.0352226336276464
chr4H	0	10000000	81810	3525	0.0430876420975431
chr4H	10000000	20000000	54112	1265	0.0233774393849793
chr4H	20000000	30000000	44220	1310	0.0296246042514699
chr4H	30000000	40000000	37148	1910	0.0514159577904598
chr4H	40000000	50000000	22368	1226	0.054810443490701
chr4H	50000000	60000000	25671	1111	0.0432784075415839
chr4H	60000000	70000000	21695	731	0.0336943996312514
chr4H	70000000	80000000	22564	452	0.0200319092359511
chr4H	80000000	90000000	11680	317	0.0271404109589041
chr4H	90000000	100000000	20856	495	0.0237341772151899
chr4H	100000000	110000000	15824	519	0.0327982810920121
chr4H	110000000	120000000	11667	220	0.0188566040970258
chr4H	120000000	130000000	14034	352	0.0250819438506484
chr4H	130000000	140000000	11123	110	0.00988941832239504
chr4H	140000000	150000000	15109	219	0.0144946720497717
chr4H	150000000	160000000	13677	130	0.00950500840827667
chr4H	160000000	170000000	13814	399	0.0288837411321847
chr4H	170000000	180000000	8192	314	0.038330078125
chr4H	180000000	190000000	6791	583	0.0858489176851716
chr4H	190000000	200000000	3033	177	0.0583580613254204
chr4H	200000000	210000000	6275	385	0.0613545816733068
chr4H	210000000	220000000	3502	187	0.0533980582524272
chr4H	220000000	230000000	7868	382	0.0485510930350788
chr4H	230000000	240000000	4844	352	0.0726672171758877
chr4H	240000000	250000000	4295	659	0.153434225844005
chr4H	250000000	260000000	11323	362	0.0319703258853661
chr4H	260000000	270000000	6911	385	0.0557082911300825
chr4H	270000000	280000000	4644	663	0.142764857881137
chr4H	280000000	290000000	4536	146	0.0321869488536155
chr4H	290000000	300000000	3805	112	0.0294349540078844
chr4H	300000000	310000000	9154	232	0.0253441118636662
chr4H	310000000	320000000	3049	158	0.0518202689406363
chr4H	320000000	330000000	4464	101	0.0226254480286738
chr4H	330000000	340000000	5114.03961848863	353	0.0690256678348384
chr4H	340000000	350000000	8390.96038151137	445	0.0530332619589663
chr4H	350000000	360000000	8720	248	0.0284403669724771
chr4H	360000000	370000000	7951	469	0.0589862910325745
chr4H	370000000	380000000	6025	226	0.0375103734439834
chr4H	380000000	390000000	6075	377	0.0620576131687243
chr4H	390000000	400000000	7161	233	0.0325373551180003
chr4H	400000000	410000000	12551	387	0.0308341964783683
chr4H	410000000	420000000	16248	191	0.0117552929591334
chr4H	420000000	430000000	13852	304	0.021946289344499
chr4H	430000000	440000000	14854.3991736689	473	0.031842418832964
chr4H	440000000	450000000	16174.6008263311	325	0.0200932315727337
chr4H	450000000	460000000	14018	440	0.0313882151519475
chr4H	460000000	470000000	17910	1192	0.0665549972082635
chr4H	470000000	480000000	19442	921	0.0473716695813188
chr4H	480000000	490000000	21721	524	0.0241241195156761
chr4H	490000000	500000000	18327	837	0.0456703224750368
chr4H	500000000	510000000	16931	560	0.0330754237788672
chr4H	510000000	520000000	20475	595	0.0290598290598291
chr4H	520000000	530000000	22490	687	0.0305469097376612
chr4H	530000000	540000000	22035	141	0.00639891082368959
chr4H	540000000	550000000	22583	862	0.0381703050967542
chr4H	550000000	560000000	28431	1046	0.0367908269142837
chr4H	560000000	570000000	30308	1763	0.0581694602085258
chr4H	570000000	580000000	29636	1819	0.0613780537184505
chr4H	580000000	590000000	41122	1628	0.0395895141286902
chr4H	590000000	600000000	47687	2783	0.0583597206785917
chr4H	600000000	610000000	51689	1870	0.0361779101936582
chr4H	610000000	620000000	45358	1986	0.0437849993385952
chr4H	620000000	630000000	59176	2935	0.0495978099229417
chr4H	630000000	640000000	60931	1087	0.0178398516354565
chr4H	640000000	647060158	59594	2980	0.0500050340638319
chr5H	0	10000000	58408	3922	0.0671483358444049
chr5H	10000000	20000000	41559	2774	0.066748478067326
chr5H	20000000	30000000	31612	1672	0.0528913070985702
chr5H	30000000	40000000	24437	1384	0.0566354298809183
chr5H	40000000	50000000	14461	406	0.0280755134499689
chr5H	50000000	60000000	8461	335	0.0395934286727337
chr5H	60000000	70000000	20958	334	0.0159366351751121
chr5H	70000000	80000000	26419	503	0.0190393277565389
chr5H	80000000	90000000	14142	378	0.0267288926601612
chr5H	90000000	100000000	17970	217	0.0120756816917084
chr5H	100000000	110000000	16623	160	0.00962521807134693
chr5H	110000000	120000000	13557	289	0.0213174006048536
chr5H	120000000	130000000	17243	382	0.022153917531752
chr5H	130000000	140000000	12152	212	0.0174456879526004
chr5H	140000000	150000000	10211	374	0.0366271667809225
chr5H	150000000	160000000	12621	623	0.0493621741541875
chr5H	160000000	170000000	9655	397	0.0411185914034179
chr5H	170000000	180000000	7073	224	0.031669729958999
chr5H	180000000	190000000	7006	153	0.0218384242078219
chr5H	190000000	200000000	4309	237	0.055001160362033
chr5H	200000000	210000000	2993	276	0.0922151687270297
chr5H	210000000	220000000	4357	228	0.0523295845765435
chr5H	220000000	230000000	9799	302	0.0308194713746301
chr5H	230000000	240000000	5517	191	0.0346202646365779
chr5H	240000000	250000000	3965	358	0.0902900378310214
chr5H	250000000	260000000	11530	489	0.0424111014744146
chr5H	260000000	270000000	10579	223	0.0210794971169298
chr5H	270000000	280000000	5957	440	0.0738626825583347
chr5H	280000000	290000000	7233	163	0.0225356007189271
chr5H	290000000	300000000	7217	323	0.0447554385478731
chr5H	300000000	310000000	8235	104	0.012629022465088
chr5H	310000000	320000000	16087	211	0.013116180767079
chr5H	320000000	330000000	9620	99	0.0102910602910603
chr5H	330000000	340000000	10256	121	0.0117979719188768
chr5H	340000000	350000000	16141	352	0.0218078185985998
chr5H	350000000	360000000	17455	96	0.00549985677456316
chr5H	360000000	370000000	17332	500	0.0288483729517655
chr5H	370000000	380000000	22073	348	0.0157658678022924
chr5H	380000000	390000000	18221	365	0.0200318314033258
chr5H	390000000	400000000	17844	270	0.0151311365164761
chr5H	400000000	410000000	22809	333	0.0145995001972905
chr5H	410000000	420000000	16248	641	0.0394510093549975
chr5H	420000000	430000000	14769	216	0.0146252285191956
chr5H	430000000	440000000	17231	141	0.00818292612152516
chr5H	440000000	450000000	19776	146	0.00738268608414239
chr5H	450000000	460000000	24664	355	0.0143934479403179
chr5H	460000000	470000000	17044	268	0.015724008448721
chr5H	470000000	480000000	18233	280	0.0153567706905062
chr5H	480000000	490000000	34003	355	0.0104402552715937
chr5H	490000000	500000000	33201	527	0.0158730158730159
chr5H	500000000	510000000	26400	583	0.0220833333333333
chr5H	510000000	520000000	34059	695	0.020405766464077
chr5H	520000000	530000000	29964	1224	0.0408490188225871
chr5H	530000000	540000000	42990	2442	0.0568039078855548
chr5H	540000000	550000000	51816	2428	0.0468581133240698
chr5H	550000000	560000000	65277	3347	0.0512738024112628
chr5H	560000000	570000000	44931	996	0.0221673232289511
chr5H	570000000	580000000	66155	1515	0.0229007633587786
chr5H	580000000	590000000	71836	896	0.0124728548360154
chr5H	590000000	600000000	70073	1957	0.0279280179241648
chr5H	600000000	610000000	69477	2792	0.0401859608215668
chr5H	610000000	620000000	50142	2869	0.0572175022934865
chr5H	620000000	630000000	62404	3382	0.0541952438946221
chr5H	630000000	640000000	51008	2266	0.0444244040150565
chr5H	640000000	650000000	72177	4012	0.0555855743519404
chr5H	650000000	660000000	72040	6969	0.0967379233759023
chr5H	660000000	670000000	82825	7562	0.0913009357078177
chr5H	670000000	670030160	0	0	NA
chr6H	0	10000000	60496	3877	0.0640868817773076
chr6H	10000000	20000000	80421	7095	0.0882232252769799
chr6H	20000000	30000000	39977.1804198045	4791	0.119843369384464
chr6H	30000000	40000000	41697.8195801955	4482	0.107487634728237
chr6H	40000000	50000000	35119	2553	0.0726956917907685
chr6H	50000000	60000000	31223	1833	0.0587067226083336
chr6H	60000000	70000000	22651	1769	0.078098097214251
chr6H	70000000	80000000	18025	1483	0.0822746185852982
chr6H	80000000	90000000	14668	977	0.0666075811289883
chr6H	90000000	100000000	14235	1168	0.0820512820512821
chr6H	100000000	110000000	15470	819	0.0529411764705882
chr6H	110000000	120000000	19313	1498	0.0775643349039507
chr6H	120000000	130000000	15273	1270	0.083153277024815
chr6H	130000000	140000000	17312	940	0.0542975970425139
chr6H	140000000	150000000	14301	760	0.0531431368435774
chr6H	150000000	160000000	18137	674	0.0371616033522633
chr6H	160000000	170000000	17701	516	0.0291508954296367
chr6H	170000000	180000000	9373	1017	0.108503147338099
chr6H	180000000	190000000	11446	365	0.0318888694740521
chr6H	190000000	200000000	15803	509	0.0322090742264127
chr6H	200000000	210000000	9078	366	0.0403172504957039
chr6H	210000000	220000000	5431	422	0.0777020806481311
chr6H	220000000	230000000	6953	498	0.0716237595282612
chr6H	230000000	240000000	4708	785	0.166737468139337
chr6H	240000000	250000000	6105	492	0.0805896805896806
chr6H	250000000	260000000	4504	539	0.119671403197158
chr6H	260000000	270000000	6818.36767103864	511	0.0749446237947094
chr6H	270000000	280000000	3399.63232896136	369	0.1085411492462
chr6H	280000000	290000000	6487	260	0.0400801603206413
chr6H	290000000	300000000	13626	393	0.0288419198590929
chr6H	300000000	310000000	7771	480	0.0617681122120705
chr6H	310000000	320000000	7570	399	0.0527080581241744
chr6H	320000000	330000000	10613	842	0.0793366625836239
chr6H	330000000	340000000	9946	599	0.0602252161673034
chr6H	340000000	350000000	15591	797	0.051119235456353
chr6H	350000000	360000000	10869	1026	0.0943969086392492
chr6H	360000000	370000000	9851	428	0.0434473657496701
chr6H	370000000	380000000	14099	713	0.0505709624796085
chr6H	380000000	390000000	14492	548	0.037813966326249
chr6H	390000000	400000000	20884	1357	0.0649779735682819
chr6H	400000000	410000000	13322	1189	0.0892508632337487
chr6H	410000000	420000000	14710	2001	0.136029911624745
chr6H	420000000	430000000	14583	499	0.0342179249811424
chr6H	430000000	440000000	17920	707	0.039453125
chr6H	440000000	450000000	12319	418	0.0339313255946099
chr6H	450000000	460000000	11686	533	0.045610131781619
chr6H	460000000	470000000	21274	816	0.0383566795149008
chr6H	470000000	480000000	27813.7548918641	1401	0.0503707609938639
chr6H	480000000	490000000	19250.2451081359	1421	0.0738172419113474
chr6H	490000000	500000000	24399	1414	0.0579531948030657
chr6H	500000000	510000000	26777	1510	0.0563916794263734
chr6H	510000000	520000000	24204	1483	0.0612708643199471
chr6H	520000000	530000000	39274	1211	0.0308346488771197
chr6H	530000000	540000000	44930	1305	0.0290451813932784
chr6H	540000000	550000000	48744	2334	0.0478828163466273
chr6H	550000000	560000000	55559	1489	0.0268003383790205
chr6H	560000000	570000000	50127	2329	0.0464619865541524
chr6H	570000000	580000000	91508	6057	0.0661909341259781
chr6H	580000000	583380513	31165	2473	0.0793518369966308
chr7H	0	10000000	94712	3818	0.0403116817298758
chr7H	10000000	20000000	73109	4618	0.063165957679629
chr7H	20000000	30000000	52345	2155	0.041169166109466
chr7H	30000000	40000000	42427	2076	0.0489311051924482
chr7H	40000000	50000000	51406	1583	0.0307940707310431
chr7H	50000000	60000000	40437	2508	0.0620224052229394
chr7H	60000000	70000000	42931	2394	0.055763900211968
chr7H	70000000	80000000	29150	979	0.0335849056603774
chr7H	80000000	90000000	24775	1567	0.0632492431886983
chr7H	90000000	100000000	26534	698	0.026305871711766
chr7H	100000000	110000000	26522	326	0.0122916823768947
chr7H	110000000	120000000	24666	1153	0.0467445066082867
chr7H	120000000	130000000	20036	230	0.0114793371930525
chr7H	130000000	140000000	20932	623	0.0297630422319893
chr7H	140000000	150000000	22324	459	0.0205608313922236
chr7H	150000000	160000000	18913	355	0.0187701580923175
chr7H	160000000	170000000	24296	295	0.0121419163648337
chr7H	170000000	180000000	20205	488	0.0241524375154665
chr7H	180000000	190000000	11469	225	0.0196181009678263
chr7H	190000000	200000000	22304	385	0.0172614777618364
chr7H	200000000	210000000	14231	252	0.0177078209542548
chr7H	210000000	220000000	12129	115	0.00948140819523456
chr7H	220000000	230000000	13612	966	0.0709667940052894
chr7H	230000000	240000000	11043	445	0.0402970207371185
chr7H	240000000	250000000	6727	75	0.0111491006392151
chr7H	250000000	260000000	13479	599	0.0444394984791157
chr7H	260000000	270000000	8847	679	0.0767491805131683
chr7H	270000000	280000000	5588	923	0.165175375805297
chr7H	280000000	290000000	6866	565	0.082289542674046
chr7H	290000000	300000000	3890	298	0.0766066838046272
chr7H	300000000	310000000	6186	289	0.0467183963789201
chr7H	310000000	320000000	6966	633	0.090869939707149
chr7H	320000000	330000000	9366	523	0.0558402733290626
chr7H	330000000	340000000	4144	336	0.0810810810810811
chr7H	340000000	350000000	5900	563	0.0954237288135593
chr7H	350000000	360000000	4501.77220405216	467	0.103736923778516
chr7H	360000000	370000000	6634.22779594784	646	0.0973738044380349
chr7H	370000000	380000000	5792	355	0.0612914364640884
chr7H	380000000	390000000	6416	671	0.104582294264339
chr7H	390000000	400000000	11482	519	0.0452011844626372
chr7H	400000000	410000000	9629	582	0.0604424135424239
chr7H	410000000	420000000	13491	282	0.0209028241049589
chr7H	420000000	430000000	16184	597	0.036888284725655
chr7H	430000000	440000000	10744	795	0.0739947877885331
chr7H	440000000	450000000	16331	896	0.0548649807115302
chr7H	450000000	460000000	17644	872	0.0494218997959646
chr7H	460000000	470000000	17394	526	0.0302403127515235
chr7H	470000000	480000000	15819	300	0.018964536317087
chr7H	480000000	490000000	15402	348	0.0225944682508765
chr7H	490000000	500000000	18109	1155	0.0637804406648628
chr7H	500000000	510000000	23131	1057	0.0456962517833211
chr7H	510000000	520000000	19942	1205	0.060425233176211
chr7H	520000000	530000000	21065	1162	0.0551625919772134
chr7H	530000000	540000000	20612	1101	0.0534154861245876
chr7H	540000000	550000000	19290	492	0.0255054432348367
chr7H	550000000	560000000	24910	578	0.023203532717784
chr7H	560000000	570000000	27034	416	0.0153880298882888
chr7H	570000000	580000000	25545	1330	0.0520649833626933
chr7H	580000000	590000000	36388	1172	0.0322084203583599
chr7H	590000000	600000000	38422	2153	0.0560356046015304
chr7H	600000000	610000000	35290	2513	0.0712099744970247
chr7H	610000000	620000000	36981.9925093633	2058	0.0556487052307672
chr7H	620000000	630000000	59622.0074906367	4753	0.0797188856941194
chr7H	630000000	640000000	52551	7729	0.147076173621815
chr7H	640000000	650000000	87547.6537089872	4289	0.0489904619746504
chr7H	650000000	657224000	60904.3462910128	3901	0.0640512580392911
