6508.55
6339.48
6493.34
6493.6
5526.23
6346.05
6827.56
6125.35
6020.42
5141.36
5424.63
5566
6062.96
6163.7
6031.78
6183.42
6484.86
6512.84
6757.59
6353.82
6358.99
5723.48
6917.72
6070.32
6673.31
6470.85
6595.46
5933.43
6052.61
5990.65
6490.35
5662.51
7107.84
6224.04
6122.27
6004.96
5970.35
5621.78
6807.88
6688.47
6003.65
6023.81
6829.43
7053.6
5768.14
6715.54
6026.04
6434.72
5610.39
6662.26
7033.18
6526.14
6172.58
6042.64
6108.82
5049.14
5511.53
5971.73
6259.07
6073.25
7362.79
7185.59
6907.28
6739.46
7174.12
5871.67
7188.87
6279.74
6284.47
5919.24
6251.19
6496.57
5691.3
6442.62
6195.61
6073.26
6476.28
7057.91
6153.71
5456.05
7784.71
6812.22
6558.81
6500.28
5936.18
6183.06
6984.08
5718.91
5848.61
5555.59
6651.06
5765.24
5922.42
6921.08
6401.3
6881.14
6952.7
6324.86
6365.25
6237.82
7348.42
6248
6820.01
6678.42
6670.88
5777.2
6671
6716.84
6859.1
6999.1
6017.47
6188.98
6534.46
5997.68
6091.64
5353.98
6367.28
6132.62
6495.22
6385.05
5911.03
5737.18
6409.07
6439.24
6516.08
6462.77
5915.36
5952.82
6887.69
5109.82
6629.25
7025.96
6524.83
6963.28
6805.25
6193.52
6117.16
6017.54
6242.12
6311.65
7019.99
6577.84
6305.58
6224.81
6160.28
6810.56
6106.06
6526.4
5950.74
6397.22
6889.45
5965.09
6412.3
6673.04
6105.38
7240.42
6336.14
6254.78
6233.53
6106.68
7141.62
6580.64
5998.42
6629.32
6194.61
5670.16
7133.3
5772.4
6846.96
6922.84
6688.24
7029.24
5981.19
6210.14
6359.92
6105.9
7046.74
6398.87
6598.77
5818.18
6377.03
6306.07
5688.19
6913.99
6437.59
5870.46
6745.36
6785.6
5288.35
6206.07
5950.56
6582.24
6964.89
5396.48
6293.8
6649.59
6296.08
6318.06
7015.8
6778.1
6918.48
6449.05
6641.68
5751.63
6651.36
5840.07
6554.52
6668.75
5994.31
6847.65
5674.6
6047.12
6758.31
6212.56
6106.67
6359.39
5917.84
6170.12
5873.73
6548.19
6601.75
5522.25
6849.75
6280.88
5597.86
6249.22
6161.67
6305.49
6323.02
6973.5
6433.08
6269.44
6282
6039.35
6667.81
6656.17
6490.43
6168.93
6781.16
6320.81
6531.83
6519.31
5592.37
6448.74
6097.22
6606.94
6273.86
6338.33
6904.91
6717.5
7161.62
6399.37
6188.19
6924.45
7517.75
6525.84
6581.56
5658.8
5275.65
7042.45
6395.53
6541.9
7098.53
5470.7
5758.3
6881.78
6068.2
5788.42
5425.95
5950.42
6753.43
6652.15
6554.33
6097.07
5913.33
6410.27
6568.72
6786.13
6650.27
6904.37
5230.83
6028.1
7100.15
6500.24
6579.32
5954.22
6949.33
6641.75
6725.06
6607.23
6135.06
6521.54
6159.17
6744.16
6109.66
6208.37
6320.42
5608.55
5892.01
5564.68
6163.05
6853.73
5894.2
6500.96
7197.56
5990.38
6263.17
5753.92
6310.01
6228.49
6696.51
6267.89
6739.42
6677.94
6970.6
6522.67
7411.99
5950.27
6310.51
