2336.038826	4335.299958
-86054.936223	0.000000
2628.405789	4936.630280
2457.359654	4027.594396
4745.187726	7311.300043
2890.920015	5066.570840
5688.172929	17705.768988
-2598416301.231782	0.000000
2855.491597	5081.973989
2980.878429	5175.841960
-53930438.165250	0.000000
3576.393553	6041.296363
2670.264613	4737.969724
3502.558032	6047.130898
2717.219470	4804.165752
2534.639946	4194.873842
-8774.804037	0.000000
4650.106991	7183.244574
4313.220729	7189.894984
3066.444687	4933.398225
-341460031.216668	0.000000
2840.216959	4567.377170
2995.664761	5337.644389
3045.961996	5295.260609
3370.521958	5788.030773
-819437821.898199	0.000000
5082.970241	8170.283724
5072.967864	8210.052169
4274.355382	7002.339980
-72669824.884847	0.000000
-169007542.425629	0.000000
3293.829725	5857.185170
-1197972556.084040	0.000000
2438.410230	4065.350828
2307.046127	4224.914106
2844.051399	4982.822901
2592.591354	4631.516365
5791.401104	9139.409682
-10301.533368	0.000000
5359.813728	8546.982127
-56536.968516	0.000000
-148767822.818503	0.000000
2733.027667	4796.105297
4418.535683	7277.068866
2915.902379	4771.133567
3640.147397	6045.376069
2781.959018	5023.733174
4691.698804	7670.454473
3969.046433	6586.407641
2471.601430	4459.310610
2934.351261	4697.669797
4721.790639	7657.657302
3461.414898	5881.850869
5426.287244	8634.166435
2642.152581	4836.769408
-358980584.617616	0.000000
3619.185180	5678.924136
-175307.734997	0.000000
2402.504743	4429.045831
3385.095282	5747.297966
-289025741.087184	0.000000
-4394786854825.753418	0.000000
4456.834874	7321.006678
4045.039880	6690.248739
7937.447350	12248.299408
2361.897043	4311.035848
2257.315985	4397.765254
2665.192138	4813.731155
2287.408880	4198.278573
2552.916048	4578.598492
2535.254551	4313.642782
2257.834971	4229.613403
2448.002208	4423.123165
-497252713.259144	0.000000
3299.666793	5688.820960
2283.409081	4138.068711
-163526793.292510	0.000000
2837.450511	5004.693266
2958.174227	5143.836023
3264.962974	5619.324078
2567.486919	4607.249183
4185.571069	6872.547236
-106835705986.953720	0.000000
2286.009826	4212.118214
2802.696488	4941.866865
3677.026068	6219.763213
2446.044223	4426.565268
3978.923215	6633.822470
-6821.186412	0.000000
3246.376460	5491.501802
-42116113.663795	0.000000
2973.087933	5187.426229
2752.184863	5163.130448
3379.427176	5861.577823
-272297418.709884	0.000000
3184.356045	5116.948750
2806.097878	4617.594728
5308.617189	8465.080183
5871.924182	9293.189474
-8895.389928	0.000000
2794.300288	4987.222045
-193832999.864469	0.000000
-292216525554.442566	0.000000
5122.787408	8333.671539
-4646235246.020908	0.000000
2691.089530	4917.682323
6402.993943	10000.068048
2717.999094	4398.903547
5465.868423	8305.775288
2313.004796	4235.131123
2418.818317	4394.545559
3183.037381	5625.196861
2672.304834	4751.876034
2430.870426	4403.608150
-95531467.276324	0.000000
2690.817464	4784.503924
-243795387.565567	0.000000
4439.814750	7253.367209
-1215.150704	0.000000
2533.518507	4562.482942
-178404531691.790436	0.000000
2671.863617	4378.400770
3310.888271	5289.276388
4756.964192	7690.596969
2860.983127	4739.566674
3169.004226	5207.051776
3917.168994	6150.017955
2490.843704	4559.247975
2877.717397	4620.259290
4106.227679	6779.788321
3941.152804	6527.996927
2291.100601	4219.644213
3972.331018	6573.483322
248.059087	7292.580726
-2174.067743	11516.517255
2526.525351	4128.640345
-107084411.545005	0.000000
3668.144724	6187.998013
2748.989161	4904.457644
2576.160490	4622.791288
3429.055344	5879.837804
-430314883.286254	0.000000
-21153125607.632172	0.000000
2919.977903	4736.477455
7137.900708	11053.664259
-16948105680.168478	0.000000
4264.812155	6640.092141
2655.838769	4782.179169
3972.331018	6573.483322
5968.764843	9526.290535
-950724007.666124	0.000000
-16715.274949	0.000000
4092.649702	6397.394717
2455.333687	4450.422619
2454.802966	4436.364972
5071.130488	8164.266724
-10516569227.497131	0.000000
1978.204967	5395.130733
-53930438.102970	0.000000
2202.565151	4227.432989
-2731254013.677879	0.000000
3041.672414	5405.040865
2452.607090	4463.977792
3647.032052	6130.822916
2191.359455	4425.198492
4170.740927	6984.051787
4229.491371	6935.995838
2673.002823	4835.481277
2642.337121	4350.531229
6290.102035	9976.772311
3143.176089	5432.207972
-206946.929840	0.000000
3157.256149	5623.743212
3932.569363	6528.459305
2970.837227	5160.151582
-371929851407.097473	0.000000
-7185.193901	0.000000
3826.890096	6022.750223
-746871185.688402	0.000000
2753.558558	4892.691363
-409610817.572199	0.000000
2567.332875	4603.782533
2756.771645	4933.970587
-166837805.205155	0.000000
-387159101.991114	0.000000
4411.331973	7266.913923
4950.478457	7955.471854
3907.467689	6493.074092
3609.554364	6079.638663
4004.164475	6376.641885
7939.387648	12161.700384
2736.817645	4847.712191
3040.621871	5398.446197
4309.499785	7063.051274
3485.606679	6197.007062
4646.620116	7688.854365
-275085.837205	0.000000
-64920532.810872	0.000000
2959.354473	5503.089286
3850.607495	6451.444636
2575.279071	4258.295178
2717.772546	4804.945433
3856.278820	6064.179746
2640.142367	4831.407676
-8011.611548	0.000000
3577.579261	6152.886537
3906.709259	6645.823327
-201806.542104	0.000000
2140.198478	4278.654335
-178804739.430381	0.000000
2480.119001	4476.457604
4434.922112	7239.857011
10175.356498	15607.674142
3833.158463	6394.849703
-91552421163.313263	0.000000
3677.874523	6352.021148
2489.560766	4482.104327
-694133522.690547	0.000000
-11974.534072	0.000000
3534.214345	5607.387037
2692.986685	4787.561978
2792.947803	4851.456051
-67214820.933790	0.000000
3193.035657	5492.256919
2539.904656	4208.333453
3015.272374	5235.354718
6600.637241	10278.698809
-33408280289.263966	0.000000
2735.215895	4855.689506
3192.195999	5548.005927
-6791376226.440387	0.000000
3467.820317	5509.874460
3702.266670	5855.099699
2969.827341	4901.951961
3015.763095	5232.845471
3050.654905	5278.867836
2387.607359	3992.043517
2517.366863	4525.008248
2797.719891	4571.865544
-1865349657.196874	0.000000
2803.670040	4928.719150
-1581886606.133833	0.000000
2700.546900	4428.369305
2642.508444	4763.386030
5347.236722	8522.724584
-53930438.161685	0.000000
3293.629854	5251.109430
4185.571069	6872.547236
-57394312.332325	0.000000
-956965710.357797	0.000000
-726256337.643335	0.000000
2535.606367	12213.452290
-238774820.791661	0.000000
2955.960804	4794.220288
2524.903860	4668.898824
2338.676949	4273.412995
2743.024132	4429.981341
3012.643241	4814.627731
3930.952948	6532.708246
-357448721280.077393	0.000000
4018.256464	6665.895789
2554.770701	4602.708538
3428.211921	5878.659867
3179.343643	5483.102478
4501.761325	7319.810407
-83939181.980925	0.000000
3038.491028	4927.901141
2390.598282	4398.577962
2365.488456	4399.807408
2382.139485	4342.819032
2484.766867	4478.352340
-9063309058.484856	0.000000
2545.027832	4578.783659
2539.138935	4551.277521
2566.847628	4757.056607
3322.678449	5296.489321
2395.196547	4353.305773
2460.816668	4032.489213
2496.146700	4261.993607
2398.217197	4357.566191
-12023329.032944	0.000000
2426.872155	4440.349074
4239.363773	7088.308392
4914.617623	7701.950027
4577.430496	7444.034665
2393.359896	4365.178189
2745.537485	4433.551268
4747.728829	7802.416096
2870.519702	5037.789995
-63730734.438967	0.000000
-76259938.442206	0.000000
2670.583368	4782.061793
2357.071718	4296.368322
2298.435586	4387.059421
3283.697249	5602.113165
-503907333.403981	0.000000
5809.384927	9205.023800
-1142175546.047687	0.000000
3841.402592	6406.471269
-578216143.334115	0.000000
3119.838699	5379.513236
5024.042288	8105.247020
2713.711428	4882.944763
2451.728641	4027.907930
-3751385949.154321	0.000000
-243795386.749750	0.000000
2430.041849	4399.338669
-7997.427522	0.000000
-77803.169078	0.000000
-87324184.696883	0.000000
2635.353513	4343.004332
-2590174433.419033	0.000000
5502.302550	16393.387381
-166066913.754227	0.000000
2536.280063	4559.842132
2226.710928	4247.153221
3055.658656	5281.254899
3813.175975	6487.527379
3683.356434	6230.654676
3823.187239	6168.840645
-63352908.096387	0.000000
-5537.960550	0.000000
-844253277.607754	0.000000
-34595361444.257095	0.000000
3996.007353	6624.413729
3101.530391	5395.053096
2884.971211	5039.076710
2427.599111	4050.077291
-3124330481.703842	0.000000
7501.123911	11551.268898
3115.910982	5440.696796
2396.548243	4368.026138
-947185538.176987	0.000000
-5577552443.124456	0.000000
-896.345321	13313.801750
-227882527.811833	0.000000
3257.187631	5566.438404
2239.896747	4131.244182
-18097.151779	0.000000
-8203.286338	0.000000
2765.281369	4873.975812
2258.348310	4176.527498
2969.754778	5174.432576
-55388300.290415	0.000000
12241.643723	18272.766999
2550.496443	4733.999581
4676.350587	7576.955231
4621.412389	7496.308140
3350.736422	5317.483328
-373907251508.049255	0.000000
2782.761140	4923.719586
-5193366588.192527	0.000000
