0.010667	0.019615
-0.687755	0.000000
0.011981	0.022265
0.011322	0.018375
0.021953	0.033134
0.013207	0.022876
0.025399	0.077138
1.000081	0.000000
0.013035	0.022931
0.013622	0.023365
1.003935	0.000000
0.016336	0.027186
0.012202	0.021419
0.015974	0.027180
0.012417	0.021713
0.011659	0.019100
-0.043419	0.000000
0.021501	0.032550
0.019662	0.032181
0.014130	0.022447
1.000619	0.000000
0.013103	0.020827
0.013665	0.024052
0.013914	0.023888
0.015387	0.026057
1.000258	0.000000
0.023211	0.036499
0.023139	0.036637
0.019531	0.031420
1.002917	0.000000
1.001252	0.000000
0.015007	0.026325
1.000176	0.000000
0.011211	0.018511
0.010542	0.019131
0.012996	0.022508
0.011847	0.020944
0.026463	0.040720
-0.051440	0.000000
0.024482	0.038143
-0.365792	0.000000
1.001423	0.000000
0.012494	0.021684
0.020162	0.032587
0.013409	0.021679
0.016652	0.027237
0.012694	0.022666
0.021403	0.034296
0.018131	0.029588
0.011294	0.020177
0.013541	0.021418
0.021564	0.034271
0.015810	0.026481
0.024789	0.038526
0.012056	0.021836
1.000589	0.000000
0.016727	0.025848
-4.874759	0.000000
0.010971	0.020032
0.015468	0.025895
1.000732	0.000000
1.000000	0.000000
0.020340	0.032783
0.018479	0.030045
0.036161	0.053867
0.010792	0.019515
0.010294	0.019877
0.012167	0.021741
0.010453	0.019012
0.011665	0.020708
0.011628	0.019584
0.010310	0.019143
0.011187	0.020016
1.000425	0.000000
0.015064	0.025619
0.010441	0.018752
1.001294	0.000000
0.012961	0.022598
0.013518	0.023223
0.014910	0.025318
0.011730	0.020834
0.019127	0.030853
1.000002	0.000000
0.010444	0.019072
0.012804	0.022322
0.016786	0.027959
0.011177	0.020031
0.018166	0.029782
-0.033496	0.000000
0.014849	0.024783
1.005044	0.000000
0.013582	0.023411
0.012538	0.023262
0.015415	0.026366
1.000777	0.000000
0.014669	0.023262
0.012901	0.020987
0.024254	0.037796
0.026803	0.041347
-0.044119	0.000000
0.012757	0.022513
1.001092	0.000000
1.000001	0.000000
0.023341	0.037142
1.000045	0.000000
0.012277	0.022193
0.029259	0.044429
0.012531	0.020058
0.025371	0.037634
0.010569	0.019177
0.011052	0.019887
0.014515	0.025317
0.012210	0.021479
0.011108	0.019929
1.002218	0.000000
0.012293	0.021623
1.000868	0.000000
0.020280	0.032509
-0.005801	0.000000
0.011575	0.020634
1.000001	0.000000
0.012298	0.019935
0.015260	0.024044
0.021732	0.034424
0.013138	0.021512
0.014548	0.023592
0.018078	0.027913
0.011373	0.020611
0.013277	0.021067
0.018758	0.030437
0.018010	0.029339
0.010468	0.019105
0.018152	0.029539
0.001132	0.033259
-0.010028	0.053600
0.011641	0.018831
1.001978	0.000000
0.016750	0.027826
0.012553	0.022148
0.011770	0.020903
0.015652	0.026459
1.000491	0.000000
1.000010	0.000000
0.013445	0.021549
0.032599	0.048913
1.000012	0.000000
0.019700	0.030115
0.012127	0.021604
0.018152	0.029539
0.027183	0.042271
1.000222	0.000000
-0.086154	0.000000
0.018896	0.029025
0.011218	0.020135
0.011217	0.020074
0.023151	0.036466
1.000020	0.000000
0.008989	0.024324
1.003935	0.000000
0.010052	0.019126
1.000077	0.000000
0.013875	0.024350
0.011203	0.020193
0.016661	0.027584
0.009987	0.019994
0.019016	0.031285
0.019327	0.031130
0.012202	0.021836
0.012155	0.019801
0.028643	0.044198
0.014357	0.024494
-46.880743	0.000000
0.014392	0.025305
0.017967	0.029336
0.013576	0.023296
1.000001	0.000000
-0.035345	0.000000
0.017658	0.027341
1.000283	0.000000
0.012577	0.022099
1.000516	0.000000
0.011730	0.020819
0.012586	0.022276
1.001269	0.000000
1.000546	0.000000
0.020129	0.032542
0.022620	0.035584
0.017852	0.029180
0.016490	0.027358
0.018409	0.028821
0.036280	0.053642
0.012503	0.021904
0.013871	0.024321
0.019687	0.031680
0.015867	0.027804
0.021168	0.034339
4.314950	0.000000
1.003267	0.000000
0.013474	0.024755
0.017581	0.028982
0.011845	0.019384
0.012419	0.021717
0.017794	0.027528
0.012047	0.021812
-0.039569	0.000000
0.016316	0.027645
0.017806	0.029797
-21.295691	0.000000
0.009758	0.019346
1.001184	0.000000
0.011332	0.020253
0.020260	0.032454
0.046007	0.067428
0.017511	0.028746
1.000002	0.000000
0.016760	0.028504
0.011376	0.020279
1.000305	0.000000
-0.060269	0.000000
0.016296	0.025473
0.012303	0.021636
0.012773	0.021937
1.003155	0.000000
0.014587	0.024763
0.011681	0.019158
0.013777	0.023626
0.030162	0.045624
1.000006	0.000000
0.012495	0.021937
0.014572	0.024995
1.000031	0.000000
0.015990	0.025038
0.017071	0.026579
0.013638	0.022238
0.013779	0.023616
0.013939	0.023821
0.010976	0.018179
0.011503	0.020470
0.012875	0.020801
1.000113	0.000000
0.012811	0.022267
1.000134	0.000000
0.012427	0.020156
0.012066	0.021520
0.024428	0.038043
1.003935	0.000000
0.015188	0.023884
0.019127	0.030853
1.003696	0.000000
1.000221	0.000000
1.000291	0.000000
0.011469	0.054653
1.000886	0.000000
0.013609	0.021805
0.011522	0.021091
0.010687	0.019347
0.012650	0.020203
0.013903	0.021945
0.017957	0.029352
1.000001	0.000000
0.018353	0.029933
0.011671	0.020812
0.015648	0.026454
0.014523	0.024720
0.020571	0.032812
1.002525	0.000000
0.013984	0.022397
0.010918	0.019899
0.010799	0.019899
0.010884	0.019656
0.011354	0.020262
1.000023	0.000000
0.011627	0.020707
0.011603	0.020588
0.011710	0.021479
0.015321	0.024085
0.010945	0.019704
0.011338	0.018397
0.011447	0.019351
0.010959	0.019723
1.017895	0.000000
0.011084	0.020086
0.019326	0.031737
0.022589	0.034655
0.020909	0.033344
0.010935	0.019755
0.012662	0.020219
0.021638	0.034844
0.013114	0.022748
1.003328	0.000000
1.002779	0.000000
0.012197	0.021607
0.010771	0.019450
0.010486	0.019835
0.015005	0.025254
1.000420	0.000000
0.026518	0.040967
1.000185	0.000000
0.017548	0.028797
1.000366	0.000000
0.014255	0.024266
0.022933	0.036205
0.012388	0.022048
0.011292	0.018371
1.000056	0.000000
1.000868	0.000000
0.011104	0.019910
-0.039494	0.000000
-0.583426	0.000000
1.002426	0.000000
0.012123	0.019767
1.000082	0.000000
0.024595	0.071556
1.001274	0.000000
0.011588	0.020624
0.010163	0.019215
0.013963	0.023833
0.017387	0.029112
0.016814	0.028007
0.017547	0.027859
1.003348	0.000000
-0.027024	0.000000
1.000250	0.000000
1.000006	0.000000
0.018254	0.029755
0.014163	0.024325
0.013184	0.022758
0.011161	0.018442
1.000068	0.000000
0.034274	0.051050
0.014224	0.024521
0.010949	0.019768
1.000223	0.000000
1.000038	0.000000
-0.004112	0.061304
1.000928	0.000000
0.014884	0.025096
0.010236	0.018713
-0.093927	0.000000
-0.040536	0.000000
0.012636	0.022023
0.010318	0.018913
0.013568	0.023355
1.003831	0.000000
0.055811	0.078782
0.011635	0.021377
0.021364	0.033929
0.021115	0.033578
0.015463	0.024197
1.000001	0.000000
0.012712	0.022239
1.000041	0.000000
