6305.49
6656.17
6109.66
5936.18
6183.42
6744.16
6212.56
6917.72
6847.65
5470.7
6541.9
6385.05
6228.49
5658.8
6237.82
6377.03
6023.81
5994.31
6195.61
5275.65
5954.22
5871.67
6248
6105.38
5608.55
6172.58
6401.3
6606.94
6122.27
6433.08
6846.96
6598.77
5230.83
6827.56
5894.2
6496.57
7107.84
6031.78
6629.25
6254.78
7098.53
6786.13
6311.65
6170.12
5425.95
7141.62
5950.56
6522.67
5952.82
5670.16
7240.42
5688.19
6688.47
6206.07
6346.05
6717.5
7188.87
6249.22
6359.92
6739.46
6651.36
5522.25
5848.61
6519.31
6028.1
6279.74
6188.19
6462.77
6558.81
6193.52
6904.37
6367.28
6859.1
6476.28
6495.22
6397.22
6508.55
7057.91
7029.24
6641.75
5718.91
6449.05
5456.05
6269.44
5621.78
6678.42
6907.28
5919.24
5911.03
5737.18
6999.1
6210.14
7348.42
6097.22
6052.61
5758.3
6881.78
5990.38
6106.67
6526.14
7411.99
7053.6
6320.81
7019.99
7517.75
6812.22
6512.84
5933.43
5691.3
6293.8
6949.33
6629.32
6739.42
5950.27
6641.68
6305.58
6318.06
6849.75
6970.6
7046.74
6671
6020.42
5597.86
6280.88
6757.59
5970.35
6153.71
6073.25
5751.63
6434.72
5788.42
6117.16
7042.45
6651.06
6484.86
6017.54
7025.96
6320.42
5592.37
6282
6493.6
6068.2
6913.99
5873.73
6963.28
6296.08
6160.28
6194.61
6924.45
6667.81
6595.46
6668.75
6580.64
6582.24
6650.27
6652.15
6758.31
6125.35
6105.9
5109.82
5353.98
7133.3
6168.93
6091.64
6525.84
6548.19
6135.06
6448.74
5892.01
5840.07
6904.91
6649.59
6753.43
6921.08
6183.06
6073.26
6097.07
5723.48
6353.82
6662.26
6716.84
6409.07
6778.1
6805.25
6004.96
6070.32
6395.53
6108.82
6516.08
5564.68
6807.88
6581.56
6964.89
7197.56
6412.3
6554.52
5526.23
6259.07
6568.72
5997.68
6359.39
7185.59
7100.15
6820.01
6358.99
6365.25
6500.24
5777.2
5915.36
6853.73
6881.14
7784.71
6410.27
6442.62
6310.01
5424.63
5610.39
6224.04
5511.53
6490.35
6521.54
6324.86
5950.42
6829.43
5922.42
6399.37
5288.35
6338.33
5049.14
5396.48
5674.6
6132.62
7033.18
6284.47
6745.36
6696.51
6524.83
6673.04
6306.07
5765.24
5913.33
6579.32
5998.42
6017.47
6785.6
6159.17
6952.7
5772.4
6273.86
6163.7
6039.35
6500.28
5818.18
6526.4
5662.51
6398.87
6887.69
6577.84
6161.67
6439.24
6310.51
6531.83
7161.62
6251.19
7174.12
6889.45
5990.65
6047.12
6677.94
6500.96
7015.8
6003.65
6106.68
6042.64
5870.46
5981.19
6106.06
6725.06
6224.81
5566
6242.12
6493.34
6263.17
6984.08
6062.96
5555.59
5768.14
6267.89
5950.74
6973.5
6688.24
6601.75
6437.59
5971.73
5753.92
6323.02
6026.04
6490.43
6534.46
6188.98
6163.05
5141.36
6470.85
6673.31
6918.48
6554.33
5917.84
6781.16
5965.09
6233.53
6670.88
6208.37
6339.48
7362.79
6922.84
6607.23
6336.14
6715.54
6810.56
