0.031440	0.045827
0.031440	0.045827
0.031440	0.045827
0.031440	0.045827
0.031440	0.045827
0.090812	0.120690
0.078465	0.106284
0.011299	0.018502
0.027204	0.042041
0.038454	0.055055
0.031440	0.045827
0.031440	0.045827
0.090812	0.120690
0.048377	0.069695
0.055718	0.078868
0.031440	0.045827
0.031440	0.045827
0.031440	0.045827
0.035975	0.051740
0.031440	0.045827
0.031440	0.045827
0.031440	0.045827
0.031440	0.045827
0.090812	0.120690
0.031440	0.045827
0.090812	0.120690
0.027204	0.042041
0.031440	0.045827
0.031440	0.045827
0.061284	0.085511
0.031440	0.045827
0.027204	0.042041
0.031440	0.045827
0.055718	0.078868
0.058952	0.082552
0.031440	0.045827
0.031440	0.045827
0.031440	0.045827
0.038454	0.055055
0.027204	0.042041
0.090812	0.120690
0.032013	0.046619
0.031440	0.045827
0.015737	0.026877
0.031440	0.045827
0.035975	0.051740
0.054574	0.077428
0.031440	0.045827
0.031440	0.045827
0.061284	0.085511
0.031440	0.045827
0.035975	0.051740
0.031440	0.045827
0.031440	0.045827
0.031440	0.045827
0.031440	0.045827
0.027204	0.042041
0.090812	0.120690
0.031440	0.045827
0.031440	0.045827
0.031440	0.045827
0.031440	0.045827
0.031440	0.045827
0.035975	0.051740
0.058952	0.082552
0.031440	0.045827
0.031440	0.045827
0.031440	0.045827
0.031440	0.045827
0.031440	0.045827
0.031440	0.045827
0.031440	0.045827
0.090812	0.120690
0.031440	0.045827
0.031440	0.045827
0.031440	0.045827
0.031440	0.045827
0.031440	0.045827
0.031440	0.045827
0.031440	0.045827
0.038454	0.055055
0.031440	0.045827
0.061284	0.085511
0.031440	0.045827
0.031440	0.045827
0.090812	0.120690
0.031440	0.045827
0.031440	0.045827
0.031440	0.045827
0.031440	0.045827
0.090812	0.120690
0.031440	0.045827
0.031440	0.045827
0.090812	0.120690
0.031440	0.045827
0.031440	0.045827
0.031440	0.045827
0.027204	0.042041
0.021740	0.035274
0.031440	0.045827
0.031440	0.045827
0.031440	0.045827
0.031440	0.045827
0.031440	0.045827
0.035975	0.051740
0.031440	0.045827
0.078465	0.106284
0.031440	0.045827
0.031440	0.045827
0.090812	0.120690
0.031440	0.045827
0.027204	0.042041
0.090812	0.120690
0.031440	0.045827
0.031440	0.045827
0.031440	0.045827
0.058952	0.082552
0.052867	0.075359
0.031440	0.045827
0.031440	0.045827
0.031440	0.045827
0.031440	0.045827
0.090812	0.120690
0.090812	0.120690
0.090812	0.120690
0.048902	0.070979
0.031440	0.045827
0.031440	0.045827
0.055718	0.078868
0.061284	0.085511
0.090812	0.120690
0.031440	0.045827
0.031440	0.045827
0.061284	0.085511
0.090812	0.120690
0.031440	0.045827
0.031440	0.045827
0.035632	0.053766
0.058952	0.082552
0.090812	0.120690
0.090812	0.120690
0.055718	0.078868
0.031440	0.045827
0.018685	0.031210
0.031440	0.045827
0.090812	0.120690
0.031440	0.045827
0.035975	0.051740
0.038454	0.055055
0.031440	0.045827
0.027102	0.042402
0.035975	0.051740
0.031440	0.045827
0.031440	0.045827
0.058952	0.082552
0.031440	0.045827
0.031440	0.045827
0.031440	0.045827
0.031440	0.045827
0.031440	0.045827
0.031440	0.045827
0.031440	0.045827
0.058565	0.082512
0.090812	0.120690
0.058952	0.082552
0.031440	0.045827
0.031440	0.045827
0.031440	0.045827
0.031440	0.045827
0.035975	0.051740
0.031440	0.045827
0.031440	0.045827
0.031440	0.045827
0.035975	0.051740
0.031440	0.045827
0.031440	0.045827
0.031440	0.045827
0.031440	0.045827
0.035975	0.051740
0.021740	0.035274
0.031440	0.045827
0.031440	0.045827
0.090812	0.120690
0.031440	0.045827
0.031440	0.045827
0.027102	0.042402
0.058952	0.082552
0.031440	0.045827
0.031440	0.045827
0.031440	0.045827
0.055718	0.078868
0.031440	0.045827
0.031440	0.045827
0.031440	0.045827
0.018926	0.030788
0.035975	0.051740
0.031440	0.045827
0.031440	0.045827
0.031440	0.045827
0.061284	0.085511
0.031440	0.045827
0.031440	0.045827
0.031440	0.045827
0.058952	0.082552
0.031440	0.045827
0.058952	0.082552
0.061284	0.085511
0.031440	0.045827
0.031440	0.045827
0.031440	0.045827
0.031440	0.045827
0.031440	0.045827
0.031440	0.045827
0.035975	0.051740
0.023080	0.037073
0.031440	0.045827
0.031440	0.045827
0.023080	0.037073
0.038454	0.055055
0.035975	0.051740
0.061284	0.085511
0.023433	0.037533
0.031440	0.045827
0.090812	0.120690
0.031440	0.045827
0.055718	0.078868
0.031440	0.045827
0.031440	0.045827
0.031440	0.045827
0.031440	0.045827
0.048377	0.069695
0.031440	0.045827
0.031440	0.045827
0.031440	0.045827
0.035975	0.051740
0.031440	0.045827
0.058952	0.082552
0.031440	0.045827
0.031440	0.045827
0.031440	0.045827
0.058952	0.082552
0.031440	0.045827
0.058952	0.082552
0.031440	0.045827
0.090812	0.120690
0.031440	0.045827
0.031440	0.045827
0.058952	0.082552
0.090812	0.120690
0.058952	0.082552
0.031440	0.045827
0.090812	0.120690
0.035975	0.051740
0.090812	0.120690
0.027204	0.042041
0.031440	0.045827
0.031440	0.045827
0.090812	0.120690
0.090812	0.120690
0.038454	0.055055
0.031440	0.045827
0.031440	0.045827
0.031440	0.045827
0.031440	0.045827
0.090812	0.120690
0.061284	0.085511
0.031440	0.045827
0.031440	0.045827
0.031440	0.045827
0.058952	0.082552
0.038454	0.055055
0.031440	0.045827
0.031440	0.045827
0.031440	0.045827
0.031440	0.045827
0.031440	0.045827
0.090812	0.120690
0.031440	0.045827
0.031440	0.045827
0.031440	0.045827
0.061284	0.085511
0.031440	0.045827
0.035975	0.051740
0.078465	0.106284
0.031440	0.045827
0.031440	0.045827
0.038454	0.055055
0.090812	0.120690
0.090812	0.120690
0.031440	0.045827
0.061284	0.085511
0.031440	0.045827
0.058952	0.082552
0.031440	0.045827
0.031440	0.045827
0.031440	0.045827
0.031440	0.045827
0.031440	0.045827
0.031440	0.045827
0.058952	0.082552
0.031440	0.045827
0.038454	0.055055
0.031440	0.045827
0.031440	0.045827
0.090812	0.120690
0.090812	0.120690
0.031440	0.045827
0.031440	0.045827
0.031440	0.045827
0.031440	0.045827
0.031440	0.045827
0.032013	0.046619
0.031440	0.045827
0.031440	0.045827
0.061284	0.085511
0.031440	0.045827
0.090812	0.120690
0.090812	0.120690
0.035975	0.051740
0.031440	0.045827
0.031440	0.045827
0.031440	0.045827
0.031440	0.045827
0.035975	0.051740
0.031440	0.045827
0.031440	0.045827
0.031440	0.045827
0.061284	0.085511
0.031440	0.045827
0.031440	0.045827
0.054574	0.077428
0.048377	0.069695
0.031440	0.045827
0.031440	0.045827
0.031440	0.045827
0.027204	0.042041
0.061284	0.085511
0.023433	0.037533
0.058952	0.082552
0.031440	0.045827
0.031440	0.045827
0.023080	0.037073
0.058952	0.082552
0.032013	0.046619
0.031440	0.045827
0.031440	0.045827
0.031440	0.045827
0.031440	0.045827
0.031440	0.045827
0.078465	0.106284
0.031440	0.045827
0.031440	0.045827
0.058952	0.082552
0.032013	0.046619
0.031440	0.045827
0.031440	0.045827
0.031440	0.045827
0.035975	0.051740
0.061284	0.085511
0.061284	0.085511
0.031440	0.045827
0.031440	0.045827
0.090812	0.120690
0.031440	0.045827
0.078465	0.106284
0.078465	0.106284
0.090812	0.120690
0.031440	0.045827
0.090812	0.120690
0.031440	0.045827
0.032013	0.046619
0.090812	0.120690
0.031440	0.045827
0.031440	0.045827
0.032013	0.046619
0.035975	0.051740
0.018685	0.031210
0.078465	0.106284
0.031440	0.045827
0.031440	0.045827
0.090812	0.120690
0.058952	0.082552
0.031440	0.045827
0.078465	0.106284
0.031440	0.045827
0.031440	0.045827
0.090812	0.120690
0.031440	0.045827
0.031440	0.045827
0.031440	0.045827
0.090812	0.120690
0.090812	0.120690
0.031440	0.045827
0.090812	0.120690
0.035975	0.051740
0.031440	0.045827
0.031440	0.045827
0.031440	0.045827
0.078465	0.106284
0.031440	0.045827
0.078465	0.106284
0.031440	0.045827
0.031440	0.045827
0.031440	0.045827
0.031440	0.045827
0.031440	0.045827
0.031440	0.045827
0.031440	0.045827
0.031440	0.045827
0.031440	0.045827
0.055718	0.078868
0.031440	0.045827
0.061284	0.085511
0.031440	0.045827
0.031440	0.045827
0.061284	0.085511
0.031440	0.045827
0.031440	0.045827
0.031440	0.045827
0.035975	0.051740
0.035975	0.051740
0.090812	0.120690
0.090812	0.120690
0.031440	0.045827
0.032013	0.046619
0.027102	0.042402
0.090812	0.120690
0.031440	0.045827
0.031440	0.045827
0.031440	0.045827
0.027204	0.042041
0.031440	0.045827
0.061284	0.085511
0.061284	0.085511
0.031440	0.045827
0.031440	0.045827
0.031440	0.045827
0.031440	0.045827
0.090812	0.120690
0.031440	0.045827
0.061284	0.085511
0.031440	0.045827
0.035975	0.051740
0.090812	0.120690
0.061284	0.085511
0.058952	0.082552
0.031440	0.045827
0.035975	0.051740
0.031440	0.045827
0.031440	0.045827
0.031440	0.045827
0.090812	0.120690
0.031440	0.045827
0.031440	0.045827
0.025927	0.040852
0.031440	0.045827
0.031440	0.045827
0.031440	0.045827
0.031440	0.045827
0.031440	0.045827
0.038454	0.055055
0.031440	0.045827
0.032013	0.046619
0.031440	0.045827
0.061284	0.085511
0.031440	0.045827
0.031440	0.045827
0.031440	0.045827
0.031440	0.045827
0.027102	0.042402
0.061284	0.085511
0.031440	0.045827
0.090812	0.120690
0.058565	0.082512
0.090812	0.120690
0.031440	0.045827
0.032013	0.046619
0.090812	0.120690
0.061284	0.085511
0.031440	0.045827
0.027204	0.042041
0.031440	0.045827
0.038454	0.055055
0.090812	0.120690
0.032013	0.046619
0.031440	0.045827
0.031440	0.045827
0.031440	0.045827
0.031440	0.045827
0.031440	0.045827
0.031440	0.045827
0.090812	0.120690
0.031440	0.045827
0.031440	0.045827
0.058952	0.082552
0.078465	0.106284
0.090812	0.120690
0.031440	0.045827
0.031440	0.045827
0.090812	0.120690
