0.022062	0.034904
0.022062	0.034904
0.017777	0.029159
0.017777	0.029159
0.036700	0.054610
0.022062	0.034904
0.022062	0.034904
0.017777	0.029159
0.022062	0.034904
0.022062	0.034904
0.022062	0.034904
0.017777	0.029159
0.022062	0.034904
0.022062	0.034904
0.022062	0.034904
0.022062	0.034904
0.022062	0.034904
0.022062	0.034904
0.022062	0.034904
0.022062	0.034904
0.022062	0.034904
0.017777	0.029159
0.022062	0.034904
0.022062	0.034904
0.022062	0.034904
0.022062	0.034904
0.022062	0.034904
0.022062	0.034904
0.022062	0.034904
0.022062	0.034904
0.022062	0.034904
0.017777	0.029159
0.022062	0.034904
0.024693	0.036803
0.022062	0.034904
0.022062	0.034904
0.022062	0.034904
0.022062	0.034904
0.022062	0.034904
0.022062	0.034904
0.022062	0.034904
0.022062	0.034904
0.022062	0.034904
0.022062	0.034904
0.022062	0.034904
0.022062	0.034904
0.022062	0.034904
0.022062	0.034904
0.022062	0.034904
0.022062	0.034904
0.017777	0.029159
0.022062	0.034904
0.022062	0.034904
0.036700	0.054610
0.022062	0.034904
0.028379	0.041764
0.017777	0.029159
0.022062	0.034904
0.017777	0.029159
0.022062	0.034904
0.022062	0.034904
0.022062	0.034904
0.022062	0.034904
0.017777	0.029159
0.022062	0.034904
0.022062	0.034904
0.022062	0.034904
0.022062	0.034904
0.017777	0.029159
0.022062	0.034904
0.022062	0.034904
0.022062	0.034904
0.017777	0.029159
0.022062	0.034904
0.022062	0.034904
0.022062	0.034904
0.017777	0.029159
0.022062	0.034904
0.022062	0.034904
0.022062	0.034904
0.022062	0.034904
0.017777	0.029159
0.022062	0.034904
0.022062	0.034904
0.022062	0.034904
0.022062	0.034904
0.022062	0.034904
0.022062	0.034904
0.022062	0.034904
0.022062	0.034904
0.022062	0.034904
0.017312	0.027103
0.017777	0.029159
0.022062	0.034904
0.022062	0.034904
0.022062	0.034904
0.022062	0.034904
0.036700	0.054610
0.022062	0.034904
0.022062	0.034904
0.022062	0.034904
0.022062	0.034904
0.022062	0.034904
0.022062	0.034904
0.017312	0.027103
0.022062	0.034904
0.022062	0.034904
0.022062	0.034904
0.022062	0.034904
0.017777	0.029159
0.022062	0.034904
0.022062	0.034904
0.017777	0.029159
0.022062	0.034904
0.022062	0.034904
0.022062	0.034904
0.022062	0.034904
0.022062	0.034904
0.022062	0.034904
0.022062	0.034904
0.036700	0.054610
0.022062	0.034904
0.022062	0.034904
0.017777	0.029159
0.022062	0.034904
0.022062	0.034904
0.022062	0.034904
0.022062	0.034904
0.022062	0.034904
0.036700	0.054610
0.022062	0.034904
0.017777	0.029159
0.022062	0.034904
0.022062	0.034904
0.022062	0.034904
0.022062	0.034904
0.022062	0.034904
0.022062	0.034904
0.022062	0.034904
0.022062	0.034904
0.022062	0.034904
0.022062	0.034904
0.017777	0.029159
0.017777	0.029159
0.022062	0.034904
0.022062	0.034904
0.022062	0.034904
0.022062	0.034904
0.028379	0.041764
0.022062	0.034904
0.022062	0.034904
0.022062	0.034904
0.022062	0.034904
0.022062	0.034904
0.017777	0.029159
0.022062	0.034904
0.022062	0.034904
0.036700	0.054610
0.022062	0.034904
0.017777	0.029159
0.022062	0.034904
0.022062	0.034904
0.017777	0.029159
0.022062	0.034904
0.017777	0.029159
0.022062	0.034904
0.022062	0.034904
0.022062	0.034904
0.022062	0.034904
0.026836	0.039626
0.022062	0.034904
0.022062	0.034904
0.022062	0.034904
0.036700	0.054610
0.022062	0.034904
0.022062	0.034904
0.022062	0.034904
0.026836	0.039626
0.022062	0.034904
0.022062	0.034904
0.022062	0.034904
0.022062	0.034904
0.022062	0.034904
0.022062	0.034904
0.022062	0.034904
0.022062	0.034904
0.022062	0.034904
0.017777	0.029159
0.022062	0.034904
0.022062	0.034904
0.022062	0.034904
0.017777	0.029159
0.017777	0.029159
0.017777	0.029159
0.022062	0.034904
0.022062	0.034904
0.022062	0.034904
0.022062	0.034904
0.022062	0.034904
0.022062	0.034904
0.022062	0.034904
0.017777	0.029159
0.036700	0.054610
0.017777	0.029159
0.022062	0.034904
0.022062	0.034904
0.022062	0.034904
0.022062	0.034904
0.022062	0.034904
0.022062	0.034904
0.022062	0.034904
0.022062	0.034904
0.022062	0.034904
0.022062	0.034904
0.022062	0.034904
0.022062	0.034904
0.022062	0.034904
0.022062	0.034904
0.022062	0.034904
0.022062	0.034904
0.022062	0.034904
0.022062	0.034904
0.017777	0.029159
0.022062	0.034904
0.022062	0.034904
0.022062	0.034904
0.026741	0.039478
0.022062	0.034904
0.026836	0.039626
0.022062	0.034904
0.022062	0.034904
0.022062	0.034904
0.022062	0.034904
0.022062	0.034904
0.022062	0.034904
0.017777	0.029159
0.017312	0.027103
0.028379	0.041764
0.022062	0.034904
0.028379	0.041764
0.022062	0.034904
0.022062	0.034904
0.022062	0.034904
0.022062	0.034904
0.022062	0.034904
0.017777	0.029159
0.022062	0.034904
0.022062	0.034904
0.017777	0.029159
0.022062	0.034904
0.017777	0.029159
0.022062	0.034904
0.017777	0.029159
0.036700	0.054610
0.036700	0.054610
0.022062	0.034904
0.022062	0.034904
0.022062	0.034904
0.022062	0.034904
0.036700	0.054610
0.036700	0.054610
0.022062	0.034904
0.022062	0.034904
0.028379	0.041764
0.022062	0.034904
0.036700	0.054610
0.022062	0.034904
0.022062	0.034904
0.017777	0.029159
0.022062	0.034904
0.017777	0.029159
0.022062	0.034904
0.036700	0.054610
0.022062	0.034904
0.036700	0.054610
0.028379	0.041764
0.022062	0.034904
0.022062	0.034904
0.022062	0.034904
0.024693	0.036803
0.022062	0.034904
0.022062	0.034904
0.022062	0.034904
0.022062	0.034904
0.022062	0.034904
0.022062	0.034904
0.022062	0.034904
0.022062	0.034904
0.022062	0.034904
0.022062	0.034904
0.022062	0.034904
0.022062	0.034904
0.022062	0.034904
0.017777	0.029159
0.022062	0.034904
0.028379	0.041764
0.022062	0.034904
0.022062	0.034904
0.017777	0.029159
0.022062	0.034904
0.022062	0.034904
0.022062	0.034904
0.017777	0.029159
0.022062	0.034904
0.036700	0.054610
0.022062	0.034904
0.022062	0.034904
0.017777	0.029159
0.022062	0.034904
0.036700	0.054610
0.022062	0.034904
0.022062	0.034904
0.022062	0.034904
0.017777	0.029159
0.017777	0.029159
0.017777	0.029159
0.017777	0.029159
0.022062	0.034904
0.022062	0.034904
0.017777	0.029159
0.017777	0.029159
0.022062	0.034904
0.036700	0.054610
0.022062	0.034904
0.022062	0.034904
0.022062	0.034904
0.022062	0.034904
0.017777	0.029159
0.022062	0.034904
0.024693	0.036803
0.022062	0.034904
0.022062	0.034904
0.022062	0.034904
0.017312	0.027103
0.022062	0.034904
0.022062	0.034904
0.026741	0.039478
0.022062	0.034904
0.022062	0.034904
0.022062	0.034904
0.017777	0.029159
0.022062	0.034904
0.017777	0.029159
0.022062	0.034904
0.036700	0.054610
0.022062	0.034904
0.022062	0.034904
0.036700	0.054610
0.022062	0.034904
0.036700	0.054610
0.015013	0.023603
0.022062	0.034904
0.036700	0.054610
0.022062	0.034904
0.028379	0.041764
0.028379	0.041764
0.022062	0.034904
0.028379	0.041764
0.022062	0.034904
0.022062	0.034904
0.024693	0.036803
0.022062	0.034904
0.017777	0.029159
0.017777	0.029159
0.022062	0.034904
0.022062	0.034904
0.022062	0.034904
0.017777	0.029159
0.022062	0.034904
0.022062	0.034904
0.022062	0.034904
0.022062	0.034904
0.022062	0.034904
0.022062	0.034904
0.024693	0.036803
0.017777	0.029159
0.036700	0.054610
0.022062	0.034904
0.022062	0.034904
0.024693	0.036803
0.022062	0.034904
0.022062	0.034904
0.022062	0.034904
0.022062	0.034904
0.024693	0.036803
0.017777	0.029159
0.022062	0.034904
0.017777	0.029159
0.017777	0.029159
0.022062	0.034904
0.036700	0.054610
0.022062	0.034904
0.017777	0.029159
0.022062	0.034904
0.022062	0.034904
0.022062	0.034904
0.022062	0.034904
0.022062	0.034904
0.022062	0.034904
0.024693	0.036803
0.022062	0.034904
0.022062	0.034904
0.022062	0.034904
0.022062	0.034904
0.022062	0.034904
0.022062	0.034904
0.022062	0.034904
0.022062	0.034904
0.022062	0.034904
0.022062	0.034904
0.022062	0.034904
0.022062	0.034904
0.022062	0.034904
0.022062	0.034904
0.022062	0.034904
0.022062	0.034904
0.022062	0.034904
0.022062	0.034904
0.022062	0.034904
0.022062	0.034904
0.022062	0.034904
0.022062	0.034904
0.022062	0.034904
0.022062	0.034904
0.017777	0.029159
0.036700	0.054610
0.022062	0.034904
0.022062	0.034904
0.022062	0.034904
0.022062	0.034904
0.022062	0.034904
0.022062	0.034904
0.022062	0.034904
0.022062	0.034904
0.017777	0.029159
0.022062	0.034904
0.017777	0.029159
0.022062	0.034904
0.022062	0.034904
0.022062	0.034904
0.022062	0.034904
0.017777	0.029159
0.022062	0.034904
0.022062	0.034904
0.024693	0.036803
0.022062	0.034904
0.036700	0.054610
0.017312	0.027103
0.022062	0.034904
0.022062	0.034904
0.022062	0.034904
0.022062	0.034904
0.022062	0.034904
0.022062	0.034904
0.022062	0.034904
0.022062	0.034904
0.022062	0.034904
0.022062	0.034904
0.022062	0.034904
0.022062	0.034904
0.036700	0.054610
0.022062	0.034904
0.017595	0.027032
0.022062	0.034904
0.022062	0.034904
0.022062	0.034904
0.022062	0.034904
0.022062	0.034904
0.017777	0.029159
0.024693	0.036803
0.017777	0.029159
0.022062	0.034904
0.022062	0.034904
0.022062	0.034904
0.022062	0.034904
0.017777	0.029159
0.022062	0.034904
0.022062	0.034904
0.022062	0.034904
0.022062	0.034904
0.024693	0.036803
0.022062	0.034904
0.036700	0.054610
0.022062	0.034904
0.022062	0.034904
0.036700	0.054610
0.036700	0.054610
0.028379	0.041764
0.022062	0.034904
0.022062	0.034904
0.022062	0.034904
0.022062	0.034904
0.036700	0.054610
0.022062	0.034904
0.022062	0.034904
0.022062	0.034904
0.022062	0.034904
0.022062	0.034904
0.036700	0.054610
0.017777	0.029159
