chr	starting	ending	codon_nb	del_SNP_nb	delSNP_codonNb
chr1H	0	10000000	114946	1710	0.014876550728168
chr1H	10000000	20000000	53623	452	0.00842921880536337
chr1H	20000000	30000000	51767	241	0.00465547549597234
chr1H	30000000	40000000	36166	258	0.00713377205109772
chr1H	40000000	50000000	19921	176	0.00883489784649365
chr1H	50000000	60000000	23806	124	0.00520877089809292
chr1H	60000000	70000000	15083	80	0.00530398461844461
chr1H	70000000	80000000	24815	184	0.0074148700382833
chr1H	80000000	90000000	29988	151	0.00503534747232226
chr1H	90000000	100000000	15956	69	0.00432439207821509
chr1H	100000000	110000000	19402	29	0.00149469126894135
chr1H	110000000	120000000	10930	4	0.000365965233302836
chr1H	120000000	130000000	12228	7	0.000572456656853124
chr1H	130000000	140000000	11996	28	0.00233411137045682
chr1H	140000000	150000000	9141	5	0.000546986106552894
chr1H	150000000	160000000	7576	23	0.00303590285110876
chr1H	160000000	170000000	9156	1	0.000109217999126256
chr1H	170000000	180000000	6739	5	0.000741949844190533
chr1H	180000000	190000000	8627	8	0.000927321200880955
chr1H	190000000	200000000	7619	28	0.00367502296889356
chr1H	200000000	210000000	4063	1	0.00024612355402412
chr1H	210000000	220000000	4678	0	0
chr1H	220000000	230000000	4761	6	0.00126023944549464
chr1H	230000000	240000000	6348	16	0.00252047889098929
chr1H	240000000	250000000	9803	8	0.000816076711210854
chr1H	250000000	260000000	11014	43	0.00390412202651171
chr1H	260000000	270000000	17046	14	0.000821307051507685
chr1H	270000000	280000000	15788	11	0.000696731694958196
chr1H	280000000	290000000	18408	16	0.000869187309865276
chr1H	290000000	300000000	11081	6	0.00054146737659056
chr1H	300000000	310000000	14666	29	0.00197736260739125
chr1H	310000000	320000000	17032	31	0.00182010333489901
chr1H	320000000	330000000	24002	74	0.00308307641029914
chr1H	330000000	340000000	8955	22	0.00245672808486879
chr1H	340000000	350000000	15020	62	0.00412782956058589
chr1H	350000000	360000000	18219	109	0.00598276524507382
chr1H	360000000	370000000	26207	84	0.00320525050559011
chr1H	370000000	380000000	24431	63	0.00257869100732676
chr1H	380000000	390000000	28531	21	0.00073604149872069
chr1H	390000000	400000000	26723	70	0.002619466377278
chr1H	400000000	410000000	30734	76	0.00247283139194378
chr1H	410000000	420000000	30471	75	0.00246135669981294
chr1H	420000000	430000000	26582	127	0.00477766909939057
chr1H	430000000	440000000	31267	63	0.0020149038922826
chr1H	440000000	450000000	32164	109	0.00338888197985325
chr1H	450000000	460000000	37581	119	0.00316649370692637
chr1H	460000000	470000000	33274	84	0.00252449359860552
chr1H	470000000	480000000	34569	92	0.00266134397870925
chr1H	480000000	490000000	47870	44	0.000919156047628995
chr1H	490000000	500000000	47410	102	0.00215144484286016
chr1H	500000000	510000000	37900	29	0.000765171503957784
chr1H	510000000	520000000	65386.1481029645	219	0.00334933325106011
chr1H	520000000	530000000	80336.8518970355	390	0.00485455915673479
chr1H	530000000	540000000	91692	419	0.00456964620686647
chr1H	540000000	550000000	75261	554	0.00736105021192915
chr1H	550000000	558535432	72405	429	0.00592500517920033
chr2H	0	10000000	100911	1825	0.0180852434323315
chr2H	10000000	20000000	95815	845	0.00881907843239576
chr2H	20000000	30000000	71934	118	0.00164039258208914
chr2H	30000000	40000000	56266	162	0.00287918103295063
chr2H	40000000	50000000	32047	210	0.00655287546416201
chr2H	50000000	60000000	32825	207	0.00630616907844631
chr2H	60000000	70000000	40337	225	0.00557800530530282
chr2H	70000000	80000000	36337	358	0.00985221674876847
chr2H	80000000	90000000	29789	112	0.00375977709892914
chr2H	90000000	100000000	25377	160	0.00630492177956417
chr2H	100000000	110000000	17164	48	0.00279655092053134
chr2H	110000000	120000000	23600	91	0.00385593220338983
chr2H	120000000	130000000	20201	75	0.00371268749071828
chr2H	130000000	140000000	20136	9	0.000446960667461263
chr2H	140000000	150000000	14534	50	0.00344020916471721
chr2H	150000000	160000000	11365	85	0.00747910250769908
chr2H	160000000	170000000	17469	44	0.00251874749556357
chr2H	170000000	180000000	18170	42	0.0023115024766098
chr2H	180000000	190000000	14257	23	0.0016132426176615
chr2H	190000000	200000000	18990	19	0.00100052659294365
chr2H	200000000	210000000	16012	15	0.000936797401948539
chr2H	210000000	220000000	15662	10	0.000638488060273273
chr2H	220000000	230000000	7026	10	0.00142328494164532
chr2H	230000000	240000000	25452	13	0.000510765362250511
chr2H	240000000	250000000	12618	4	0.000317007449675067
chr2H	250000000	260000000	11733	5	0.000426148470126992
chr2H	260000000	270000000	10128	18	0.00177725118483412
chr2H	270000000	280000000	7771	16	0.00205893707373568
chr2H	280000000	290000000	7936.69315763627	7	0.000881979416485941
chr2H	290000000	300000000	8499.30684236373	1	0.000117656653483273
chr2H	300000000	310000000	9271	6	0.000647179376550534
chr2H	310000000	320000000	3535	13	0.00367751060820368
chr2H	320000000	330000000	6223	2	0.000321388397878837
chr2H	330000000	340000000	5100	10	0.00196078431372549
chr2H	340000000	350000000	5282	15	0.00283983339644074
chr2H	350000000	360000000	3961	0	0
chr2H	360000000	370000000	6741	2	0.000296691885476932
chr2H	370000000	380000000	6650	4	0.000601503759398496
chr2H	380000000	390000000	8331	11	0.00132036970351698
chr2H	390000000	400000000	9555	20	0.00209314495028781
chr2H	400000000	410000000	15160	1	6.59630606860158e-05
chr2H	410000000	420000000	10213	6	0.000587486536766866
chr2H	420000000	430000000	13783	7	0.000507872016251904
chr2H	430000000	440000000	20035	19	0.000948340404292488
chr2H	440000000	450000000	9958	3	0.000301265314320145
chr2H	450000000	460000000	11049	59	0.00533984976015929
chr2H	460000000	470000000	10624	27	0.0025414156626506
chr2H	470000000	480000000	14579	23	0.001577611633171
chr2H	480000000	490000000	12922	14	0.00108342361863489
chr2H	490000000	500000000	13683	85	0.00621208799239933
chr2H	500000000	510000000	11430	48	0.0041994750656168
chr2H	510000000	520000000	14436	24	0.00166251039068994
chr2H	520000000	530000000	14805	38	0.00256670043904086
chr2H	530000000	540000000	17174	44	0.00256201234424129
chr2H	540000000	550000000	20835	31	0.00148788096952244
chr2H	550000000	560000000	20844	53	0.00254269813855306
chr2H	560000000	570000000	16231	21	0.00129382046700758
chr2H	570000000	580000000	23890	25	0.00104646295521139
chr2H	580000000	590000000	21093	57	0.00270231830465083
chr2H	590000000	600000000	25796	37	0.00143433090401613
chr2H	600000000	610000000	26289	43	0.00163566510707901
chr2H	610000000	620000000	24990	152	0.00608243297318928
chr2H	620000000	630000000	37370	237	0.00634198554990634
chr2H	630000000	640000000	29786.5441607367	136	0.00456582003155872
chr2H	640000000	650000000	38644.4558392633	136	0.00351926290709526
chr2H	650000000	660000000	39067	84	0.00215015230245476
chr2H	660000000	670000000	25823	30	0.00116175502459048
chr2H	670000000	680000000	40648	83	0.0020419208817162
chr2H	680000000	690000000	52666	57	0.00108229218091368
chr2H	690000000	700000000	64177	226	0.00352151082163392
chr2H	700000000	710000000	64183	259	0.00403533645981023
chr2H	710000000	720000000	70230	334	0.00475580236366225
chr2H	720000000	730000000	55809	264	0.00473041982475945
chr2H	730000000	740000000	64056	447	0.00697826901461221
chr2H	740000000	750000000	71287.6160656115	605	0.00848674753611023
chr2H	750000000	760000000	80005.3839343885	529	0.00661205501412038
chr2H	760000000	768075024	58952	796	0.0135025105170308
chr3H	0	10000000	82358	731	0.00887588333859492
chr3H	10000000	20000000	80665.6874057315	950	0.0117770024722122
chr3H	20000000	30000000	64158.3125942685	284	0.00442655033332923
chr3H	30000000	40000000	58710	237	0.00403679100664282
chr3H	40000000	50000000	44233	176	0.00397892975832523
chr3H	50000000	60000000	20993	60	0.00285809555566141
chr3H	60000000	70000000	23906	96	0.00401572826905379
chr3H	70000000	80000000	18480	96	0.00519480519480519
chr3H	80000000	90000000	25676	58	0.00225891883470946
chr3H	90000000	100000000	17573	23	0.00130882603994765
chr3H	100000000	110000000	21210	14	0.00066006600660066
chr3H	110000000	120000000	14688	44	0.00299564270152505
chr3H	120000000	130000000	13328	76	0.00570228091236495
chr3H	130000000	140000000	22037	13	0.000589916957843627
chr3H	140000000	150000000	14390	39	0.00271021542738012
chr3H	150000000	160000000	16071	1	6.22238815257296e-05
chr3H	160000000	170000000	15769	13	0.000824402308326463
chr3H	170000000	180000000	14989	50	0.0033357795716859
chr3H	180000000	190000000	13904	21	0.00151035673187572
chr3H	190000000	200000000	15773	19	0.001204590122361
chr3H	200000000	210000000	15733	38	0.0024153054090129
chr3H	210000000	220000000	12401	59	0.00475768083219095
chr3H	220000000	230000000	11733	32	0.00272735020881275
chr3H	230000000	240000000	10498	15	0.0014288435892551
chr3H	240000000	250000000	7124	6	0.000842223469960696
chr3H	250000000	260000000	5637	20	0.00354798651765123
chr3H	260000000	270000000	6422	0	0
chr3H	270000000	280000000	6859	0	0
chr3H	280000000	290000000	8703	7	0.000804320349304837
chr3H	290000000	300000000	7660	0	0
chr3H	300000000	310000000	5180	1	0.000193050193050193
chr3H	310000000	320000000	6055	12	0.00198183319570603
chr3H	320000000	330000000	7734	0	0
chr3H	330000000	340000000	6094	0	0
chr3H	340000000	350000000	6417	16	0.00249337696743026
chr3H	350000000	360000000	13536	18	0.00132978723404255
chr3H	360000000	370000000	12941	42	0.00324549880225639
chr3H	370000000	380000000	11819	17	0.00143836195955665
chr3H	380000000	390000000	13804.6043724337	11	0.00079683558494192
chr3H	390000000	400000000	18399.3956275663	10	0.000543496112721106
chr3H	400000000	410000000	14071	1	7.10681543600313e-05
chr3H	410000000	420000000	14352	11	0.00076644370122631
chr3H	420000000	430000000	17255	32	0.00185453491741524
chr3H	430000000	440000000	15211	32	0.002103740713957
chr3H	440000000	450000000	19300	43	0.0022279792746114
chr3H	450000000	460000000	11935	5	0.000418935902806871
chr3H	460000000	470000000	21487	94	0.0043747382138037
chr3H	470000000	480000000	17103.5029448142	53	0.00309878041773131
chr3H	480000000	490000000	16428.4099228532	10	0.000608701636187518
chr3H	490000000	500000000	26061.0871323326	70	0.00268599692885239
chr3H	500000000	510000000	22482	78	0.00346944222044302
chr3H	510000000	520000000	30576	149	0.0048731030873888
chr3H	520000000	530000000	26456	144	0.00544299969761113
chr3H	530000000	540000000	29002	155	0.00534445900282739
chr3H	540000000	550000000	25826	65	0.00251684349105553
chr3H	550000000	560000000	42558	79	0.00185629023920297
chr3H	560000000	570000000	39670	70	0.00176455760020166
chr3H	570000000	580000000	39621	103	0.00259963150854345
chr3H	580000000	590000000	42116	48	0.0011397093741096
chr3H	590000000	600000000	41522	80	0.00192668946582535
chr3H	600000000	610000000	42574	69	0.00162070747404519
chr3H	610000000	620000000	48815	50	0.00102427532520742
chr3H	620000000	630000000	63719	116	0.00182049310252829
chr3H	630000000	640000000	56028	192	0.00342685799957164
chr3H	640000000	650000000	49669	128	0.00257706013811432
chr3H	650000000	660000000	63091	422	0.00668875116894644
chr3H	660000000	670000000	61427	874	0.0142282709557686
chr3H	670000000	680000000	66509	576	0.00866048204002466
chr3H	680000000	690000000	71348	612	0.00857767561809721
chr3H	690000000	699711114	62393	198	0.00317343291715417
chr4H	0	10000000	97061	669	0.00689257271200585
chr4H	10000000	20000000	59079	112	0.0018957666852858
chr4H	20000000	30000000	49165	157	0.00319332858740974
chr4H	30000000	40000000	41223	173	0.00419668631589161
chr4H	40000000	50000000	26392	103	0.00390269778720824
chr4H	50000000	60000000	30638	82	0.0026764149095894
chr4H	60000000	70000000	22483	91	0.00404750255748788
chr4H	70000000	80000000	24406	65	0.00266327952142916
chr4H	80000000	90000000	13756	21	0.00152660657167781
chr4H	90000000	100000000	22835	44	0.00192686665206919
chr4H	100000000	110000000	16942	44	0.00259709597450124
chr4H	110000000	120000000	13781	6	0.000435382047746898
chr4H	120000000	130000000	15608	45	0.00288313685289595
chr4H	130000000	140000000	14367	12	0.000835247442054709
chr4H	140000000	150000000	17766	22	0.00123832038725656
chr4H	150000000	160000000	14379	13	0.00090409625147785
chr4H	160000000	170000000	16379	68	0.00415165761035472
chr4H	170000000	180000000	10647	14	0.00131492439184747
chr4H	180000000	190000000	9143	12	0.00131247949250793
chr4H	190000000	200000000	3667	6	0.0016362148895555
chr4H	200000000	210000000	7083	15	0.00211774671749259
chr4H	210000000	220000000	3502	2	0.000571102227298686
chr4H	220000000	230000000	8652	17	0.00196486361534905
chr4H	230000000	240000000	5967	17	0.00284900284900285
chr4H	240000000	250000000	4631	12	0.00259123299503347
chr4H	250000000	260000000	11612	45	0.00387530141233207
chr4H	260000000	270000000	8002	6	0.000749812546863284
chr4H	270000000	280000000	5875	35	0.00595744680851064
chr4H	280000000	290000000	5239	2	0.000381752242794426
chr4H	290000000	300000000	4146	10	0.00241196333815726
chr4H	300000000	310000000	9843	15	0.00152392563242914
chr4H	310000000	320000000	4046	8	0.00197726149283243
chr4H	320000000	330000000	5032	20	0.00397456279809221
chr4H	330000000	340000000	6204.03961848863	2	0.000322370604152786
chr4H	340000000	350000000	8928.96038151137	37	0.00414381948391366
chr4H	350000000	360000000	10270	19	0.00185004868549172
chr4H	360000000	370000000	13296	13	0.000977737665463297
chr4H	370000000	380000000	6665	3	0.000450112528132033
chr4H	380000000	390000000	6129	43	0.00701582639908631
chr4H	390000000	400000000	8264	8	0.000968054211035818
chr4H	400000000	410000000	13528	16	0.00118273211117682
chr4H	410000000	420000000	17258	17	0.000985050411403407
chr4H	420000000	430000000	14632	87	0.00594587206123565
chr4H	430000000	440000000	15072.3991736689	35	0.00232212533629975
chr4H	440000000	450000000	18038.6008263311	21	0.00116417011508709
chr4H	450000000	460000000	15021	15	0.000998601957259836
chr4H	460000000	470000000	18620	106	0.00569280343716434
chr4H	470000000	480000000	21219	102	0.00480701258306235
chr4H	480000000	490000000	23179	79	0.00340825747443807
chr4H	490000000	500000000	21565	60	0.00278228611175516
chr4H	500000000	510000000	18211	68	0.00373400691889517
chr4H	510000000	520000000	21116	48	0.00227315779503694
chr4H	520000000	530000000	23621	74	0.00313280555437958
chr4H	530000000	540000000	23270	16	0.000687580575848732
chr4H	540000000	550000000	24986	45	0.00180100856479629
chr4H	550000000	560000000	31779	94	0.00295792819157305
chr4H	560000000	570000000	34315	179	0.00521637767740055
chr4H	570000000	580000000	35093	188	0.00535719374234178
chr4H	580000000	590000000	43955	220	0.0050051188715732
chr4H	590000000	600000000	52147	280	0.00536943640094349
chr4H	600000000	610000000	55768	209	0.00374766891407259
chr4H	610000000	620000000	52663	257	0.00488008658830678
chr4H	620000000	630000000	67968	373	0.00548787664783427
chr4H	630000000	640000000	69985	190	0.00271486747160106
chr4H	640000000	647060158	66476	416	0.0062578975870991
chr5H	0	10000000	74405	336	0.00451582554935824
chr5H	10000000	20000000	47578	481	0.0101097145739628
chr5H	20000000	30000000	38897	158	0.0040620099236445
chr5H	30000000	40000000	27287	174	0.00637666287975959
chr5H	40000000	50000000	16457	27	0.00164063924166008
chr5H	50000000	60000000	13252	24	0.00181104738907335
chr5H	60000000	70000000	25416	18	0.000708215297450425
chr5H	70000000	80000000	27820	35	0.00125808770668584
chr5H	80000000	90000000	17007	29	0.00170518021990945
chr5H	90000000	100000000	19565	11	0.000562228469205213
chr5H	100000000	110000000	17545	4	0.000227985180963237
chr5H	110000000	120000000	15945	30	0.00188146754468485
chr5H	120000000	130000000	19070	12	0.000629260618772942
chr5H	130000000	140000000	15336	3	0.000195618153364632
chr5H	140000000	150000000	11208	13	0.0011598857958601
chr5H	150000000	160000000	13272	58	0.00437010247136829
chr5H	160000000	170000000	9840	23	0.00233739837398374
chr5H	170000000	180000000	7681	26	0.00338497591459445
chr5H	180000000	190000000	7418	4	0.000539228902669183
chr5H	190000000	200000000	5671	9	0.00158702168929642
chr5H	200000000	210000000	4067	4	0.000983525940496681
chr5H	210000000	220000000	6836	4	0.000585137507314219
chr5H	220000000	230000000	10949	15	0.00136998812676957
chr5H	230000000	240000000	6465	8	0.00123743232791957
chr5H	240000000	250000000	4554	22	0.00483091787439614
chr5H	250000000	260000000	11942	9	0.000753642605928655
chr5H	260000000	270000000	10857	4	0.000368425900340794
chr5H	270000000	280000000	6677	17	0.00254605361689381
chr5H	280000000	290000000	9120	2	0.000219298245614035
chr5H	290000000	300000000	8270	10	0.00120918984280532
chr5H	300000000	310000000	8903	18	0.00202179040772773
chr5H	310000000	320000000	18569	22	0.00118477031611826
chr5H	320000000	330000000	11411	1	8.76347384103058e-05
chr5H	330000000	340000000	10711	22	0.00205396321538605
chr5H	340000000	350000000	18453	29	0.00157156017991654
chr5H	350000000	360000000	19300	6	0.000310880829015544
chr5H	360000000	370000000	19570	49	0.00250383239652529
chr5H	370000000	380000000	25305	42	0.0016597510373444
chr5H	380000000	390000000	20039	29	0.00144717800289436
chr5H	390000000	400000000	18456	50	0.00270914607715648
chr5H	400000000	410000000	24655	29	0.00117623200162239
chr5H	410000000	420000000	19896	47	0.00236228387615601
chr5H	420000000	430000000	16135	19	0.00117756430120855
chr5H	430000000	440000000	21124	4	0.000189358076121947
chr5H	440000000	450000000	21878	3	0.000137124051558643
chr5H	450000000	460000000	28678	41	0.00142966734081875
chr5H	460000000	470000000	20495	50	0.00243961941937058
chr5H	470000000	480000000	22264	15	0.000673733381243263
chr5H	480000000	490000000	36100	61	0.00168975069252078
chr5H	490000000	500000000	41758	56	0.00134106039561282
chr5H	500000000	510000000	28430	71	0.00249736194161097
chr5H	510000000	520000000	36927	92	0.00249140195520893
chr5H	520000000	530000000	34163	206	0.00602991540555572
chr5H	530000000	540000000	49009	361	0.00736599400110184
chr5H	540000000	550000000	57478	216	0.00375795956713873
chr5H	550000000	560000000	74688	406	0.00543594687232219
chr5H	560000000	570000000	52264	140	0.00267870809735191
chr5H	570000000	580000000	74975	243	0.00324108036012004
chr5H	580000000	590000000	82092	117	0.00142523022949861
chr5H	590000000	600000000	75873	217	0.00286004243933942
chr5H	600000000	610000000	72850	491	0.00673987645847632
chr5H	610000000	620000000	57049	235	0.00411926589423127
chr5H	620000000	630000000	73215	461	0.00629652393635184
chr5H	630000000	640000000	58397	236	0.00404130349161772
chr5H	640000000	650000000	79574	590	0.00741448211727449
chr5H	650000000	660000000	78645	997	0.0126772204208786
chr5H	660000000	670000000	91284	1441	0.015785898952719
chr5H	670000000	670030160	0	0	NA
chr6H	0	10000000	76329	587	0.00769039290440069
chr6H	10000000	20000000	97973	1173	0.0119726863523624
chr6H	20000000	30000000	51263.1804198045	689	0.0134404458396385
chr6H	30000000	40000000	47813.8195801955	593	0.0124022720879974
chr6H	40000000	50000000	38323	264	0.00688881350624951
chr6H	50000000	60000000	35100	154	0.00438746438746439
chr6H	60000000	70000000	26334	167	0.0063416116047695
chr6H	70000000	80000000	20604	100	0.0048534265191225
chr6H	80000000	90000000	17258	31	0.00179626839726504
chr6H	90000000	100000000	17601	67	0.00380660189761945
chr6H	100000000	110000000	17707	45	0.00254136782063591
chr6H	110000000	120000000	21548	121	0.00561537033599406
chr6H	120000000	130000000	16742	96	0.00573408194958786
chr6H	130000000	140000000	18861	60	0.00318116748846827
chr6H	140000000	150000000	15235	45	0.00295372497538563
chr6H	150000000	160000000	19346	58	0.00299803576966815
chr6H	160000000	170000000	18912	48	0.00253807106598985
chr6H	170000000	180000000	10815	58	0.00536292186777624
chr6H	180000000	190000000	16227	25	0.0015406421396438
chr6H	190000000	200000000	17084	45	0.00263404354952002
chr6H	200000000	210000000	10773	8	0.000742597233825304
chr6H	210000000	220000000	6285	18	0.00286396181384248
chr6H	220000000	230000000	7633	15	0.00196515131665138
chr6H	230000000	240000000	5369	59	0.010989010989011
chr6H	240000000	250000000	6939	24	0.00345871162991786
chr6H	250000000	260000000	6721	39	0.00580270793036751
chr6H	260000000	270000000	7577.36767103864	14	0.00184760732325412
chr6H	270000000	280000000	5167.63232896136	6	0.00116107331521512
chr6H	280000000	290000000	7966	9	0.00112980165704243
chr6H	290000000	300000000	17547	8	0.000455918390608081
chr6H	300000000	310000000	8918	25	0.00280331912984974
chr6H	310000000	320000000	9509	19	0.00199810705647282
chr6H	320000000	330000000	11600	60	0.00517241379310345
chr6H	330000000	340000000	10474	45	0.0042963528737827
chr6H	340000000	350000000	16647	58	0.00348411125127651
chr6H	350000000	360000000	12225	61	0.00498977505112474
chr6H	360000000	370000000	11582	49	0.00423070281471249
chr6H	370000000	380000000	15580	109	0.00699614890885751
chr6H	380000000	390000000	15796	102	0.00645733096986579
chr6H	390000000	400000000	21864	154	0.00704354189535309
chr6H	400000000	410000000	14303	90	0.00629238621268265
chr6H	410000000	420000000	18009	131	0.00727414070742407
chr6H	420000000	430000000	15737	29	0.00184279087500794
chr6H	430000000	440000000	18883	55	0.00291267277445321
chr6H	440000000	450000000	12959	57	0.00439848753761864
chr6H	450000000	460000000	14794	23	0.00155468433148574
chr6H	460000000	470000000	22627	90	0.00397754894594953
chr6H	470000000	480000000	28964.7548918641	108	0.00372866956420667
chr6H	480000000	490000000	21024.2451081359	147	0.00699192761708787
chr6H	490000000	500000000	25968	189	0.00727818853974122
chr6H	500000000	510000000	29398	195	0.00663310429280903
chr6H	510000000	520000000	27893	103	0.00369268275194493
chr6H	520000000	530000000	41927	119	0.00283826651084027
chr6H	530000000	540000000	47122	199	0.00422308051440941
chr6H	540000000	550000000	57385	256	0.00446109610525399
chr6H	550000000	560000000	60908	362	0.00594339003086622
chr6H	560000000	570000000	60056	308	0.00512854668975623
chr6H	570000000	580000000	100427	1453	0.0144682206976212
chr6H	580000000	583380513	36635	246	0.00671489013238706
chr7H	0	10000000	113950	916	0.00803861342694164
chr7H	10000000	20000000	86116	519	0.00602675461006085
chr7H	20000000	30000000	61976	195	0.00314637924357816
chr7H	30000000	40000000	55572	185	0.00332901461167494
chr7H	40000000	50000000	58392	223	0.00381901630360323
chr7H	50000000	60000000	46867	322	0.00687050589967354
chr7H	60000000	70000000	49345	285	0.00577566116121188
chr7H	70000000	80000000	32429	110	0.0033920256560486
chr7H	80000000	90000000	27747	191	0.00688362705878113
chr7H	90000000	100000000	27481	66	0.00240165932826316
chr7H	100000000	110000000	30278	31	0.00102384569654535
chr7H	110000000	120000000	27950	108	0.00386404293381038
chr7H	120000000	130000000	21852	22	0.0010067728354384
chr7H	130000000	140000000	24037	78	0.00324499729583559
chr7H	140000000	150000000	24445	28	0.00114542851298834
chr7H	150000000	160000000	21114	21	0.000994600738846263
chr7H	160000000	170000000	26106	25	0.000957634260323297
chr7H	170000000	180000000	21031	192	0.00912938043840046
chr7H	180000000	190000000	11933	33	0.00276544037542948
chr7H	190000000	200000000	24526	42	0.0017124684008807
chr7H	200000000	210000000	14988	23	0.00153456098211903
chr7H	210000000	220000000	13867	6	0.000432681906684935
chr7H	220000000	230000000	15214	76	0.00499539897462863
chr7H	230000000	240000000	11759	15	0.0012756186750574
chr7H	240000000	250000000	8201	5	0.000609681746128521
chr7H	250000000	260000000	14742	37	0.00250983584316918
chr7H	260000000	270000000	10197	32	0.00313817789545945
chr7H	270000000	280000000	6443	54	0.00838118888716436
chr7H	280000000	290000000	7156	14	0.0019564002235886
chr7H	290000000	300000000	5005	6	0.0011988011988012
chr7H	300000000	310000000	6748	16	0.002371072910492
chr7H	310000000	320000000	9619	20	0.00207921821395155
chr7H	320000000	330000000	10687	18	0.00168428932347712
chr7H	330000000	340000000	6663	5	0.00075041272699985
chr7H	340000000	350000000	6446	33	0.00511945392491468
chr7H	350000000	360000000	4746.77220405216	23	0.00484539788540214
chr7H	360000000	370000000	8074.22779594784	30	0.00371552559057795
chr7H	370000000	380000000	6568	12	0.00182704019488429
chr7H	380000000	390000000	7352	38	0.00516866158868335
chr7H	390000000	400000000	12242	67	0.00547296193432446
chr7H	400000000	410000000	10629	25	0.0023520556966789
chr7H	410000000	420000000	14346	14	0.000975881778893071
chr7H	420000000	430000000	16969	41	0.00241617066415228
chr7H	430000000	440000000	11797	36	0.00305162329405781
chr7H	440000000	450000000	19142	53	0.00276878069167276
chr7H	450000000	460000000	20176	44	0.00218080888183981
chr7H	460000000	470000000	18487	38	0.00205549845837616
chr7H	470000000	480000000	17668	31	0.00175458455965588
chr7H	480000000	490000000	17122	26	0.00151851419226726
chr7H	490000000	500000000	19692	85	0.00431647369490148
chr7H	500000000	510000000	25517	122	0.00478112630795156
chr7H	510000000	520000000	21366	132	0.0061780398764392
chr7H	520000000	530000000	26310	120	0.00456100342075257
chr7H	530000000	540000000	22011	127	0.0057698423515515
chr7H	540000000	550000000	22962	33	0.00143715704206951
chr7H	550000000	560000000	26753	54	0.00201846521885396
chr7H	560000000	570000000	29543	12	0.000406187590969096
chr7H	570000000	580000000	31036	153	0.00492975898956051
chr7H	580000000	590000000	38532	135	0.00350358143880411
chr7H	590000000	600000000	42921	254	0.00591784907155006
chr7H	600000000	610000000	39322	295	0.00750216163979452
chr7H	610000000	620000000	44790.9925093633	193	0.00430890206238798
chr7H	620000000	630000000	66808.0074906367	616	0.00922045160658824
chr7H	630000000	640000000	67146	930	0.0138504155124654
chr7H	640000000	650000000	100935.653708987	571	0.00565706942015039
chr7H	650000000	657224000	68921.3462910128	1003	0.0145528207728988
