5275.65
5950.74
6717.5
6359.39
6853.73
6526.4
6280.88
6269.44
7025.96
6568.72
6249.22
5526.23
6881.14
6163.7
6208.37
6433.08
6097.22
6237.82
6973.5
6476.28
6607.23
5911.03
5288.35
6160.28
5933.43
6242.12
5753.92
7517.75
5971.73
7240.42
6548.19
6183.06
6439.24
5777.2
6526.14
5950.27
6399.37
5751.63
6318.06
6042.64
6324.86
5353.98
6913.99
6490.43
5990.38
6554.52
6673.31
6601.75
6117.16
6206.07
6641.68
7098.53
5913.33
6105.9
5621.78
6161.67
6395.53
6725.06
5994.31
6522.67
6753.43
5141.36
5670.16
6757.59
6812.22
7161.62
7784.71
6581.56
6448.74
6023.81
6667.81
6629.25
6106.68
6881.78
7185.59
5522.25
6781.16
6108.82
5998.42
6859.1
5950.42
6534.46
6293.8
6132.62
6353.82
6410.27
5915.36
6106.67
6778.1
6500.28
7348.42
6273.86
7411.99
5990.65
6105.38
6999.1
5840.07
5970.35
5610.39
5818.18
6952.7
6193.52
6017.54
6715.54
6224.81
5765.24
5758.3
5688.19
7174.12
6541.9
5425.95
6493.6
7042.45
6359.92
6629.32
6004.96
5424.63
5592.37
7141.62
6889.45
5950.56
6228.49
6924.45
6846.96
6109.66
5470.7
6224.04
6595.46
6434.72
6512.84
6829.43
5952.82
6580.64
5723.48
7107.84
7100.15
5396.48
6377.03
6696.51
6849.75
6744.16
6159.17
6168.93
5917.84
6554.33
5737.18
6284.47
6385.05
6758.31
5848.61
7029.24
6346.05
7057.91
6785.6
5954.22
6677.94
6949.33
6365.25
6449.05
6907.28
6163.05
6484.86
6311.65
5870.46
6827.56
6807.88
5608.55
6508.55
6282
6525.84
5788.42
6358.99
6409.07
6558.81
6073.26
6026.04
6641.75
6263.17
6188.98
5230.83
5936.18
6401.3
7046.74
6786.13
6579.32
5566
6437.59
5564.68
6073.25
7133.3
6091.64
5772.4
6306.07
6279.74
7053.6
5981.19
6964.89
6039.35
6519.31
6921.08
6397.22
6963.28
6188.19
6496.57
6651.06
6918.48
6135.06
5511.53
6524.83
6367.28
6673.04
5997.68
6493.34
6688.24
6031.78
6305.49
5456.05
5555.59
6210.14
6310.51
6183.42
6805.25
6671
6500.24
6068.2
5873.73
6412.3
7362.79
6106.06
6062.96
5922.42
6716.84
6339.48
6662.26
6052.61
6251.19
6122.27
6296.08
6739.46
7188.87
6847.65
6970.6
5658.8
6739.42
5674.6
6904.91
6212.56
6097.07
6338.33
6531.83
6521.54
6195.61
6336.14
5871.67
5892.01
7197.56
6310.01
6003.65
5965.09
6470.85
6984.08
6254.78
7033.18
5768.14
6153.71
5894.2
6490.35
6248
6904.37
6651.36
6670.88
6582.24
6820.01
6442.62
6305.58
6320.81
6070.32
6500.96
6020.42
6598.77
6516.08
6887.69
6678.42
6917.72
6652.15
7015.8
5049.14
6462.77
6688.47
6606.94
5691.3
6495.22
6017.47
6172.58
6028.1
5597.86
6194.61
6259.07
5662.51
5919.24
6922.84
6047.12
6668.75
6323.02
6577.84
6656.17
6745.36
6267.89
5718.91
7019.99
5109.82
6233.53
6320.42
6649.59
6810.56
6125.35
6398.87
6650.27
6170.12
