11.35
8.659
9.495
4.444
11.717
6.814
9.661
11.637
11.596
13.942
13.289
13.367
9.714
12.317
7.419
11.909
12.137
8.146
18.315
13.298
15.978
12.354
11.342
8.695
10.95
11.312
21.266
9.406
9.286
17.112
9.778
8.51
9.432
10.45
10.706
12.438
6.957
13.688
9.671
10.55
14
9.507
9.874
13.248
11.724
11.476
14.304
9.765
7.499
11.347
11.62
13.324
11.316
17.332
11.476
7.971
11.029
14.29
8.697
10.347
9.903
7.744
17.805
9.391
12.552
15.782
8.363
16.396
16.797
11.648
13.31
10.224
11.115
10.209
12.232
12.409
16.092
17.931
18.616
14.488
10.935
16.135
12.948
9.605
11.676
11.828
12.199
9.235
9.37
6.317
9.172
18.554
6.55
8.557
6.873
13.313
8.119
5.585
9.328
11.743
12.82
7.204
21.029
8.646
10.927
10.25
11.816
13.982
11.523
13.499
15.515
9.146
15.525
8.295
13.692
8.505
12.182
17.211
16.985
5.54
12.864
18.696
8.203
12.36
11.774
10.303
9.152
14.481
10.091
15.021
15.956
9.651
19.882
9.783
10.153
5.085
17.349
15.782
12.315
13.827
9.199
8.429
11.364
15.641
12.268
10.002
12.596
13.569
6.817
12.053
19.478
9.324
11.153
11.814
25.71
13.59
10.744
19.658
11.596
21.223
14.291
8.696
12.24
12.428
16.446
9.03
6.545
16.682
13.206
5.895
13.244
8.604
9.047
13.775
15.754
11.78
13.52
6.863
12.22
17.632
9.912
12.828
13.701
9.442
14.395
7.715
10.623
13.172
7.855
12.829
13.694
10.201
11.097
11.966
12.201
6.652
7.412
18.752
15.127
12.133
13.234
13.307
6.197
10.219
10.789
13.937
9.293
8.193
7.332
16.687
18.766
8.439
9.881
13.826
21.672
9.832
8.749
4.485
11.78
10.872
4.582
14.105
9.806
13.889
11.271
16.518
4.73
17.701
15.085
10.293
16.302
10.207
5.735
11.246
14.858
12.545
12.245
9.932
8.266
11.91
7.612
14.669
12.076
13.241
7.483
10.926
8.97
9.918
8.397
10.487
15.076
10.782
14.675
11.104
14.476
10.773
6.731
16.121
8.876
11.781
15.653
14.043
9.099
11.622
17.817
16.558
6.598
13.139
10.678
14.245
9.306
9.065
5.476
12.159
7.087
17.341
9
7.249
7.55
10.132
13.578
16.553
7.757
11.097
8.272
10.721
6.891
6.939
12.042
7.98
10.603
17.317
14.109
9.599
18.02
8.211
16.35
6.541
15.386
14.47
8.232
12.293
8.574
13.419
9.144
13.838
9.129
4.524
10.41
8.709
12.324
10.56
18.017
14.229
8.267
10.481
12.044
13.305
13.32
